#./generator.py
# GMT Thu Jan 22 20:08:08 2026
# 
0 28 77 85 102 126 158 159 202 235 262 287 298 299 336 345 381 415 424 427 441 443 454 487 495 550 616 618 624 625 667 668 679 683 693 713 738 775 781 789 799 833 840 872 880 915 978 985 986
1 5 9 20 63 69 112 144 205 215 258 279 294 324 337 395 400 423 439 453 481 493 555 561 633 634 651 664 680 696 706 827 874 892 927 936 944 959
2 9 66 87 88 96 141 171 222 254 271 274 275 296 310 324 330 343 359 422 430 461 476 501 521 530 575 611 675 703 782 783 816 882 910 920 969 976
3 39 61 89 130 194 224 256 262 267 268 273 307 347 369 378 387 420 434 444 450 481 485 486 553 600 620 674 687 692 700 716 722 726 764 772 786 798 802 823 834 838 859 890 893 895 897 919 925 955 968 988
4 11 108 119 120 150 159 186 225 277 307 310 312 315 377 396 414 438 458 475 497 504 521 536 538 548 550 609 613 616 623 648 655 665 728 729 748 776 799 856 865 901 935 977
5 39 106 117 167 205 226 233 247 306 308 347 358 425 469 511 517 535 556 566 585 592 625 657 687 700 709 721 733 763 783 877 893 910
6 13 30 91 96 102 108 114 137 141 153 172 180 205 206 234 241 248 258 290 318 319 324 342 368 391 398 401 414 417 431 445 501 531 625 642 647 651 686 722 723 776 809 850 866 880 905 922 951 970 980 987
7 19 25 36 37 49 90 95 115 134 155 188 257 292 296 307 311 332 388 405 408 412 437 472 491 523 625 662 667 705 791 795 810 822 846 884 893 911 918 928 929 950 966 979 981
8 116 129 189 201 246 306 339 348 369 376 399 458 490 568 615 629 679 685 697 715 725 730 733 742 832 943 963 984 989
9 11 36 51 63 94 121 125 130 142 154 173 218 235 256 283 293 316 339 367 374 439 442 450 480 483 527 536 553 572 588 646 723 788 792 808 828 845 880 888 911 928 946
10 13 48 72 81 107 117 206 213 238 269 304 306 361 380 384 389 392 410 420 463 468 524 528 610 621 624 626 651 653 666 712 731 776 787 829 875 883 885 919 960 963 990
11 12 68 74 76 90 107 130 136 165 300 371 394 408 412 424 449 459 505 535 538 588 601 633 645 673 697 703 730 772 777 809 837 842 851 860 869 924 940 952 955 963 988 993
12 59 60 87 106 156 214 218 226 247 258 265 286 291 351 358 384 392 470 476 532 568 591 594 609 651 681 692 694 697 705 728 743 757 781 791 793 850 857 864 876 899 917 918 939 983
13 69 80 86 106 129 156 162 188 189 220 280 284 295 343 368 402 414 435 464 509 557 566 649 679 703 717 726 737 743 754 786 801 808 809 827 829 868 914 933 941 942 945 999
14 70 86 91 97 120 189 219 229 263 271 303 335 362 368 383 384 397 433 471 499 503 509 512 538 597 616 636 652 721 730 744 745 760 814 846 853 885 895 915 922 925 926 943
15 95 118 153 179 199 221 283 300 326 336 355 400 409 435 573 597 627 647 692 768 787 790 806 858 861 891 941 963 989
16 71 152 165 222 245 283 313 321 355 357 361 373 412 415 450 451 454 498 506 510 532 583 602 626 632 668 689 691 711 719 779 786 796 804 818 826 830 859 871 915 941 996
17 48 103 160 167 189 192 211 289 306 319 352 369 380 385 390 398 405 408 410 431 441 449 463 484 525 608 621 748 814 843 859 880 915 930
18 79 104 110 114 161 164 172 227 253 296 334 369 371 434 449 501 530 532 551 587 589 609 633 663 679 680 696 707 716 736 737 757 826 877 934
19 51 79 117 192 275 319 372 375 442 489 507 522 537 561 584 592 597 615 639 682 768 801 805 869 892 896 902 903 949 960 976
20 49 67 131 267 275 316 324 371 473 498 505 516 547 570 630 694 885 909 921 934 971 974
21 22 56 58 71 74 87 89 156 170 181 251 301 335 363 370 378 385 388 417 453 462 466 500 506 521 526 530 532 537 558 611 618 636 707 722 742 757 766 784 802 860 870 897 933 951 963 978
22 32 67 72 136 149 158 161 177 182 216 238 257 264 313 351 355 370 377 400 434 463 487 518 519 543 552 554 563 576 592 598 620 673 684 742 779 790 799 884 911 937 991
23 40 47 58 75 87 106 118 171 173 175 187 188 190 198 202 210 234 245 251 262 299 344 376 402 413 434 465 477 489 516 537 538 588 603 654 754 810 813 822 859 873 945 964 989
24 56 76 104 143 153 184 202 262 300 310 313 393 412 425 491 508 522 561 567 610 619 622 626 702 763 768 807 831 892 921
25 35 95 217 285 345 361 374 386 396 409 416 527 547 561 575 582 652 657 728 743 760 776 790 847 853 872 956
26 108 128 171 184 212 243 265 266 279 280 351 444 488 489 534 549 583 584 653 701 726 788 815 819 829 839 850 856 884 900
27 72 81 103 109 117 133 168 197 205 315 358 372 388 393 414 420 451 468 482 531 566 653 703 706 723 780 785 796 821 823 832 871 884 938 972 991
28 34 44 74 93 114 119 159 218 301 313 340 377 378 388 393 395 456 470 544 566 603 619 681 752 770 786 827 889 920 976 989
29 60 84 136 143 199 204 242 275 284 315 316 321 326 330 346 356 362 386 402 405 408 423 454 455 470 505 522 525 535 603 611 639 656 659 715 724 732 734 744 749 757 761 765 801 807 833 901 922 932 946 989 990
30 92 104 105 116 133 138 158 203 239 268 279 342 354 355 397 440 459 464 469 568 582 585 593 644 647 653 661 674 678 715 719 737 757 775 844 885 913 940 942 948 963 982
31 63 76 86 93 135 141 225 230 242 258 274 279 315 317 328 339 372 438 462 470 501 515 566 578 591 650 677 702 714 754 805 820 834 860 884 888 908 917 920 962
32 90 135 160 180 194 203 224 247 249 251 275 292 305 334 340 403 450 451 454 477 549 569 583 593 638 640 644 680 686 707 741 788 795 822 860 931 932 937 941
33 42 50 110 132 195 202 240 308 380 417 427 440 446 504 542 564 575 583 623 628 678 702 704 711 713 715 723 745 747 754 768 784 785 788 801 805 808 813 824 845 850 858 914 946 948 950 956 976 978 997
34 43 59 60 95 109 128 166 172 198 204 205 208 230 252 280 286 301 316 325 404 426 429 470 471 544 567 576 588 598 605 613 620 623 651 688 692 714 751 791 809 838 861 889 895 937 947 948 953 955 972
35 43 130 138 154 161 183 215 236 241 255 320 331 335 387 407 422 430 449 455 472 521 528 535 536 630 644 665 677 678 723 754 795 848 891 904 996
36 42 47 60 65 66 91 138 163 201 265 296 332 346 374 432 501 504 508 510 552 603 630 631 729 737 739 762 824 849 854 867 887 892 910 928 932 978 981 994 995
37 83 146 194 211 303 318 344 408 410 437 453 473 475 490 557 584 703 717 811 828 841 843 852 913 925 939 944 945 985 991 996
38 69 89 113 158 196 238 253 272 288 323 333 339 376 386 406 429 436 461 511 538 562 574 612 659 678 683 691 707 721 763 796 804 833 846 867 877 883 885 903 905 910 932 963 972 982
39 44 53 75 103 150 166 183 280 296 305 353 360 379 383 408 464 467 471 517 519 529 586 593 642 668 716 717 733 765 838 844 861 864 866 887 889 932
40 47 71 76 83 103 104 129 157 166 169 194 200 253 271 279 328 335 337 408 413 416 465 852 866 894 920 943 948 951 973 992
41 84 90 125 195 207 260 275 292 300 316 335 336 339 345 364 372 469 473 479 509 540 543 599 672 684 688 695 700 701 707 730 743 766 823 828 848 851 875 935 950 987
42 79 83 86 112 135 161 170 178 196 215 244 249 258 307 333 334 388 416 446 459 467 477 525 549 550 561 587 588 697 753 804 812 842 852 921 928
43 57 122 182 221 316 356 386 391 489 527 528 529 536 594 604 617 646 652 656 671 681 683 691 750 767 803 835 839 865 903 915 939
44 65 97 106 108 129 147 240 264 358 387 390 422 491 499 505 509 510 567 572 599 615 645 646 807 845 852 860 957 987
45 53 73 97 109 113 247 347 360 367 399 400 433 434 436 437 456 492 567 593 616 622 651 677 699 707 717 718 732 753 780 798 808 843 862 892 921 949
46 128 159 165 180 221 231 234 253 267 297 305 307 311 337 360 410 443 449 450 525 554 594 635 648 671 727 747 780 787 788 794 797 802 808 868 875 887 910 913 942 962 981
47 50 51 60 77 89 149 184 222 224 262 290 304 327 350 351 360 381 384 412 462 517 523 566 600 601 630 703 729 756 764 797 819 856 880 897 921 967
48 60 118 129 154 230 234 241 362 373 396 430 444 469 477 482 483 541 677 696 709 714 719 731 755 773 780 794 816 840 879 950
49 67 83 88 96 137 143 156 170 223 235 254 258 313 348 432 454 458 485 532 543 544 551 558 617 625 647 651 655 670 708 715 738 761 775 818 904 939 947 972
50 51 55 96 105 108 114 141 172 199 217 218 222 224 232 237 306 308 329 330 335 348 352 361 368 386 396 398 403 489 492 496 502 576 600 625 626 675 698 707 763 778 779 781 866 882 902 909 931 937 944 954 997
51 73 75 98 113 153 169 172 184 198 221 253 258 267 301 318 377 387 388 456 531 537 548 555 589 593 618 681 682 690 734 755 828 872 898 904 908 949 951 953
52 58 83 99 111 112 148 157 164 209 236 255 257 270 275 301 324 330 368 394 414 425 487 495 511 543 555 565 582 599 643 671 729 790 818 843 879 971
53 67 121 150 156 158 176 177 200 205 250 263 315 325 342 402 421 464 530 534 559 590 619 661 665 713 731 765 811 839 846 883
54 64 120 179 189 191 212 244 280 283 317 331 344 353 390 417 447 470 480 532 556 572 591 593 621 634 640 642 660 737 741 787 810 914 942 961 980 991
55 76 77 99 114 126 133 152 172 197 260 288 317 337 359 391 412 437 441 457 496 527 588 606 611 620 630 642 645 692 705 707 717 769 776 793 845 879 939 950
56 63 118 140 234 235 265 332 381 423 451 463 468 510 525 550 610 624 628 630 633 635 643 654 701 755 773 775 781 790 804 821 824 826 827 848 883 898 961 986
57 81 85 175 181 262 263 279 283 301 308 318 330 379 399 457 462 493 494 535 561 608 686 729 748 764 807 825 848 864 931 990
58 111 160 176 208 231 281 297 319 326 340 382 395 413 456 459 488 498 559 572 647 670 676 693 737 764 812 820 837 841 872 919 933 957 995
59 78 84 128 133 174 179 256 260 288 296 297 322 325 359 376 391 392 408 445 452 459 487 520 531 535 574 576 586 587 616 652 725 792 799 823 966 978
60 81 103 105 145 155 157 169 170 201 208 213 222 236 286 300 308 313 326 327 352 384 387 455 467 480 484 543 559 566 606 693 788 792 801 811 813 821 830 886 888 927 930 938 962 970
61 84 98 158 220 231 234 269 314 320 408 506 509 515 530 542 557 583 588 610 627 639 646 670 703 710 711 727 762 803 807 810 819 855 878 923 943 971 981 986
62 85 183 189 203 207 212 265 275 286 294 297 301 318 331 338 339 343 353 360 388 410 426 446 464 489 532 533 593 626 637 652 666 682 693 701 759 791 805 891 917 941 945 974 991
63 128 140 172 210 229 274 315 317 360 382 438 484 545 551 603 695 783 812 814 817 843 882 890 923 938 948 952 964 973 988 993
64 76 137 141 154 202 234 259 311 325 327 340 376 383 401 410 414 486 493 498 505 518 553 596 614 617 621 643 650 655 677 700 721 759 821 822 829 852 856 891 932 953 976 989 995
65 83 98 124 128 129 146 152 156 164 186 210 272 275 281 292 346 417 445 452 508 540 609 668 765 773 780 834 846 857 863 911 924 927 937
66 70 87 109 113 130 180 185 231 297 316 348 378 394 442 443 465 494 524 527 604 648 670 734 742 797 798 804 827 828 837 877 910 915 954 986
67 71 95 116 218 241 249 299 321 327 331 368 371 415 469 503 523 540 564 566 581 586 619 671 684 687 737 797 812 857 907 925 954 981
68 90 117 120 138 169 197 299 301 378 385 404 407 432 440 451 454 462 469 506 511 513 516 602 614 649 669 776 787 791 792 794 795 872 875 894 902 913 936 959 962 988
69 141 160 162 268 297 330 337 363 400 435 493 494 516 538 549 593 599 608 621 655 660 662 668 688 690 698 700 740 742 796 813 876 880 884 905 928 950 957
70 78 81 98 110 124 167 197 242 243 310 312 348 385 409 420 461 472 474 486 510 512 560 569 609 618 620 625 666 681 714 752 773 786 801 813 827 898 915 917 921 936 941 974
71 175 182 196 231 245 267 344 371 390 393 421 431 439 451 496 503 558 573 611 636 656 676 692 698 723 749 754 771 781 792 795 825 839 865 871 872 873 887 942 994 998
72 318 338 375 413 436 437 444 446 467 509 528 538 577 626 654 680 696 708 749 756 790 792 841 898
73 74 99 147 150 174 217 240 245 258 354 380 397 433 445 480 483 526 535 584 641 722 726 760 772 843 848 871 881 898 901 912 921 926
74 77 107 113 126 192 212 237 256 280 317 334 363 379 391 461 493 528 540 621 627 629 661 663 675 678 721 744 764 775 782 785 799 801 836 842 859 864 880 895 896 902 934 946 948 981
75 83 93 139 166 175 181 233 236 266 290 294 335 371 374 382 409 416 452 469 510 520 523 596 629 656 679 689 732 751 753 766 789 812 822 893 927 936 950 956 960 996
76 80 150 160 164 189 252 274 279 309 333 338 401 423 442 466 537 565 635 662 667 725 728 738 760 763 781 814 821 868 877 887 902 919 929 958 971 995
77 82 102 203 216 219 235 266 267 272 286 292 309 314 369 399 406 435 451 462 471 490 492 506 508 590 595 599 613 670 690 697 719 754 797 817 838 864 876 954 976 980 984 994
78 83 88 93 100 161 165 235 257 326 336 338 340 349 366 383 393 405 411 428 474 480 487 508 536 537 546 569 579 583 612 617 697 698 703 704 710 726 740 759 814 817 828 847 870 871 892 910 944 991
79 91 98 107 136 155 189 228 242 269 286 331 363 389 459 466 635 650 654 673 685 689 736 743 756 763 765 777 807 824 839 920 921
80 222 283 294 308 316 342 347 369 386 426 479 509 519 541 588 614 632 659 692 697 726 750 756 761 774 841 932
81 135 194 218 220 250 288 300 308 323 329 352 415 471 494 531 614 628 629 660 664 706 722 770 773 775 808 822 855 862 933 958 984
82 100 129 151 162 186 189 209 252 269 270 287 351 364 366 380 421 423 449 469 486 504 525 543 572 590 605 606 619 660 666 786 787 788 803 811 812 826 827 867 876 932 935 959 989
83 133 186 240 244 294 378 388 404 465 469 485 511 517 527 554 582 677 681 691 692 701 710 787 790 817 832 845 869 878 882 891 894 896 918 924 952 990
84 87 96 109 115 172 174 210 245 255 333 341 460 464 466 497 504 528 533 544 545 552 554 629 657 688 701 746 786 792 815 827 843 870 961 982 984
85 97 133 159 179 219 225 240 261 301 310 339 347 372 413 414 459 503 506 520 544 545 556 592 611 663 674 681 707 709 710 740 786 792 811 827 919 921
86 166 179 207 246 269 296 333 349 374 462 471 484 496 549 627 705 730 844 848 930 965 973
87 91 100 127 157 162 169 197 219 233 258 262 338 419 426 441 486 489 507 565 576 697 707 783 807 812 817 839 844 874 901 922 928 943 963
88 170 178 188 214 262 317 318 320 330 350 395 467 483 516 522 530 556 620 635 660 666 691 701 717 720 731 733 779 809 920 928 939 953 954 966
89 116 125 126 146 189 225 260 267 297 304 319 320 339 408 425 462 504 538 558 567 579 580 586 608 615 637 638 679 697 708 732 733 742 743 787 804 813 821 858 878 884 929 943 956
90 98 103 105 107 145 178 208 218 267 275 281 308 374 395 399 432 440 448 454 484 492 507 521 548 598 600 614 626 645 665 685 690 709 801 806 841 843 901 993
91 110 151 158 162 207 209 214 224 278 283 289 297 308 313 322 369 386 472 480 530 539 560 611 633 644 675 685 832 855 891 911 955 994
92 105 107 128 174 233 245 249 268 283 293 295 338 341 377 421 451 468 477 509 516 533 554 567 573 680 715 725 788 796 808 844 974 980 986 991 992
93 109 113 175 230 265 281 304 332 333 337 398 400 411 450 457 508 515 542 545 552 610 640 643 676 686 713 742 769 781 801 819 827 833 840 991
94 97 99 121 138 173 182 202 215 220 240 244 261 269 283 291 308 330 354 381 427 468 470 502 568 580 581 630 657 659 724 727 774 829 862 985
95 144 163 184 198 217 239 359 371 419 420 424 453 472 476 543 618 622 644 661 674 731 808 846 858 891 929 939 973
96 187 202 275 276 315 353 359 367 423 438 578 616 628 689 691 729 735 741 782 786 837 838 842 861 872 900 935 964
97 112 142 145 161 165 266 269 282 313 375 404 431 440 451 452 463 513 539 582 635 681 703 756 764 788 799 801 812 829 837 846 858 880 883 926 934 969 978 997
98 176 229 246 249 251 280 299 310 346 383 397 459 504 532 551 565 579 593 716 728 735 754 784 808 823 839 846 889 946 985
99 147 171 180 191 235 244 247 258 280 315 316 357 362 434 448 466 477 507 508 519 541 562 594 655 661 662 688 717 722 773 812 842 851 875 934 975 985 990
100 144 210 225 238 246 285 291 292 298 307 426 451 478 480 582 627 665 693 700 733 747 753 768 795 820 845 846 869 880 912 922 925 943 963 971 973 999
101 113 131 140 166 178 202 211 217 223 241 255 275 297 311 317 332 354 359 366 375 393 396 399 401 453 484 527 539 556 572 585 612 643 647 689 699 725 729 749 860 879 923 931 974 988 995
102 107 118 127 162 183 215 262 264 294 312 353 355 403 448 457 493 501 531 538 581 589 594 627 713 756 850 888 913 926 935 977
103 122 142 143 162 168 196 283 303 369 435 452 483 504 528 532 552 560 576 653 681 693 730 747 762 781 838 892 908 918 929 993 995
104 110 113 129 178 203 217 244 246 261 285 290 327 376 403 411 420 426 442 453 456 457 473 483 610 670 689 734 779 804 828 868 875 891 918 943
105 126 136 142 150 181 201 220 301 311 313 316 332 367 403 460 465 507 524 549 559 569 583 589 590 596 604 618 627 681 701 714 728 756 774 834 836 847 857 902 913 923 963 971
106 126 163 180 203 265 266 278 350 364 384 406 452 463 468 477 481 497 512 514 515 525 657 663 695 706 831 841 847 906 954
107 132 152 159 163 173 239 250 324 356 359 361 365 366 417 447 457 464 476 569 581 599 657 700 710 763 807 819 826 842 872 893 896 926 946 952 955 987
108 148 180 182 221 230 245 267 327 337 345 360 370 374 397 421 451 463 491 498 513 530 541 544 569 617 719 725 728 748 785 823 869 881 915 947 963 977 979
109 131 141 149 150 159 177 182 199 205 340 392 471 492 525 530 537 546 552 554 599 637 653 661 685 692 707 739 769 780 791 796 808 811 835 888 916 935 944 945 973
110 120 122 143 148 150 153 184 218 272 282 291 293 295 298 392 393 411 451 539 544 546 595 603 613 641 674 680 755 799 817 854 932 945 979 992
111 123 141 193 205 217 230 346 359 386 394 401 429 486 527 586 599 667 697 723 735 789 791 799 815 878 968 976 991
112 137 143 152 160 193 241 281 302 306 370 393 397 401 429 431 437 488 489 503 515 532 565 579 616 643 656 664 706 741 750 754 791 802 845 906 912 920 928 936 962 981
113 126 144 165 169 175 200 245 255 256 303 326 370 385 391 396 422 513 552 565 660 665 667 670 676 702 714 761 801 811 843 859 899 929 933 938
114 129 145 155 158 187 221 238 258 260 261 278 285 359 385 426 433 450 480 501 515 589 591 606 647 651 700 722 768 781 802 804 828 839 871 879 900 925 952 962
115 123 129 135 140 144 151 153 166 196 201 225 254 258 313 330 337 342 350 359 385 393 398 416 457 488 505 525 530 569 586 610 615 620 621 635 674 685 699 735 741 760 778 799 803 815 845 922 940
116 127 147 224 255 256 276 300 301 346 363 381 450 483 558 580 595 627 651 687 691 737 755 783 792 798 802 872 891 987 995
117 134 159 192 207 217 254 265 291 327 346 349 396 430 435 449 513 534 536 542 557 562 570 592 635 665 667 671 686 717 737 817 822 846 856 865 879 902 911 912 941 964 967 983
118 130 143 145 204 209 233 249 286 288 290 319 331 349 370 376 377 378 385 413 445 458 460 472 477 500 511 553 554 557 586 616 617 621 649 660 675 688 696 752 764 810 838 903 908 929 972 994
119 178 179 202 251 306 329 347 382 395 419 429 438 495 520 569 574 580 585 587 625 640 680 747 760 777 784 820 829 838 853 878 926 946 957 973
120 156 228 239 245 268 295 346 354 387 422 438 474 482 494 496 548 570 631 665 698 727 829 854 899 907 941 995
121 130 154 180 222 267 271 292 304 306 321 332 342 366 397 448 472 527 529 532 587 604 633 703 708 768 824 853 872 881 923 988
122 166 172 218 242 277 285 355 375 377 469 481 511 556 557 588 613 637 644 652 668 701 727 734 766 777 816 822 880 895 915 961
123 162 187 225 279 298 348 391 454 460 468 497 501 517 560 586 652 661 678 679 754 819 823 865 885 903 922 947 986
124 133 134 163 176 184 192 198 203 235 274 279 280 314 347 367 394 406 418 424 430 440 464 488 510 529 545 554 582 628 629 636 658 709 731 741 745 790 791 818 828 909 967 977 985 988
125 158 162 168 181 193 275 290 297 309 336 378 401 481 506 522 528 607 641 655 731 750 761 802 811 816 829 848 861 865 882 917 948 982 990
126 172 178 230 235 283 303 341 352 373 388 395 401 444 477 483 539 563 628 677 687 700 715 723 740 774 786 827 828 900 908 909 969 970 986
127 128 131 147 175 184 203 230 254 260 269 321 322 384 385 407 411 419 426 437 456 459 472 541 577 590 598 661 668 674 690 710 760 777 780 792 798 814 830 898 914 955
128 148 161 183 214 244 247 248 256 269 306 423 441 453 537 548 593 649 677 692 698 826 885 904 924 930 967 988
129 196 254 268 333 335 379 409 435 450 481 487 488 493 560 575 615 617 683 696 697 751 758 835 854 892 896 897 913 938 950 987
130 145 148 172 185 266 276 350 363 379 434 458 496 517 526 543 578 598 603 605 627 636 639 651 702 716 749 787 836 840 865 937 968
131 166 174 191 195 251 270 286 301 310 325 348 364 379 384 393 415 432 435 456 476 495 499 515 560 562 568 583 591 594 618 649 659 698 718 741 757 806 814 817 838 845 875 880 893 896 918 951
132 140 148 154 164 215 224 236 237 264 310 350 400 407 458 467 532 540 570 576 592 631 652 656 665 698 713 729 743 761 793 797 802 816 869 909 917 920 935 940
133 137 142 165 174 182 196 212 267 273 286 319 326 329 368 395 458 466 517 539 546 602 622 683 686 714 715 802 819 839 855 883 908 960 975 981 983 994
134 145 172 195 197 233 246 257 291 374 379 389 404 509 543 582 610 641 645 647 660 678 688 725 727 729 732 735 739 765 838 875 877 899 902 904 908 958 987 990
135 213 235 261 292 335 342 343 360 380 459 473 491 507 532 535 623 651 668 722 754 787 793 797 807 840 861 944
136 177 179 182 232 247 253 258 282 289 292 299 309 340 349 358 364 447 471 477 498 625 632 646 687 693 694 706 720 744 811 826 838 875 898 923 925 928 934 941 945 950 987 989
137 142 151 168 171 215 234 278 324 368 389 390 402 417 435 454 465 489 496 522 589 594 595 620 635 663 673 676 690 730 769 804 924 927 961 977 986 993
138 149 155 163 165 189 196 200 272 307 309 311 319 325 334 394 402 407 410 423 442 466 507 521 527 531 534 584 663 667 670 686 704 709 810 838 895 901 936 943
139 143 146 181 188 203 233 236 254 266 274 347 373 391 433 448 451 455 470 527 561 579 587 588 592 601 626 691 722 745 764 811 876 883 906 916 967 999
140 172 187 194 202 214 260 267 277 279 311 358 363 406 459 474 507 525 539 551 571 603 618 639 644 650 656 657 665 677 724 730 751 762 876 887 918 951 960 969
141 215 231 242 245 298 300 340 357 395 396 424 456 457 476 482 505 543 564 576 589 594 640 671 682 693 702 736 772 782 797 804 814 830 832 846 866 886 912 935 974 998
142 163 177 185 220 221 242 254 271 280 283 292 300 327 333 412 419 422 427 432 450 452 455 480 495 514 520 522 590 612 616 619 628 636 682 689 739 766 803 859 863 882 888 897 985 986
143 152 155 164 166 198 201 226 262 352 381 383 389 429 446 461 477 492 512 516 588 654 660 770 891 894 898 979 995
144 152 156 226 250 258 261 291 355 406 467 478 538 606 628 649 700 705 735 773 776 789 793 798 822 840 863 884 970 977 991
145 153 166 204 216 235 239 243 298 323 362 367 386 391 410 458 466 481 512 515 517 577 594 638 675 727 733 758 796 878 883 919 921 934 935 937 975
146 182 186 209 252 266 278 281 307 367 393 408 443 498 505 527 545 579 585 602 608 626 670 674 683 717 744 750 760 814 837 873 881 893 909 933 937 941
147 152 159 160 201 205 224 251 257 290 300 323 339 388 397 401 405 442 497 554 567 570 601 644 656 685 754 760 768 785 801 813 824 853 869 888 896 905 907 909 928 947 948 974 991
148 159 181 197 265 273 339 353 362 394 401 451 511 575 585 604 616 644 681 799 855 871 938 961 976 983
149 207 239 283 292 297 312 380 439 469 480 543 552 603 633 634 653 671 693 717 725 753 756 812 848 867 889 918 920 922 956 959 987 997
150 161 166 198 213 236 282 285 363 390 392 444 464 499 530 540 542 584 663 680 682 718 725 758 761 778 787 801 815 825 846 867 923 984
151 155 161 169 186 190 227 331 334 364 442 461 467 530 556 567 628 644 680 681 691 694 702 706 765 786 789 790 796 851 866 958 959 985
152 214 235 240 241 272 312 364 367 373 386 396 420 522 533 557 579 584 591 601 724 745 760 823 885 895 910 930 949 966 978 981
153 157 158 273 300 310 315 372 392 405 463 490 507 537 539 582 583 603 621 625 664 666 735 753 767 783 820 848 858 899 910 950
154 217 243 273 274 299 323 549 565 572 625 658 721 806 807 857 870 892 961 963
155 164 170 198 211 212 220 221 229 241 300 310 329 360 387 391 430 496 505 514 544 552 555 559 571 589 595 601 619 682 683 707 748 791 809 810 840 844 847 893 899 941 955 965
156 168 178 181 247 288 314 382 401 411 429 492 542 569 611 638 715 725 730 750 756 794 800 801 839 842
157 162 185 192 198 231 250 258 268 289 293 306 335 343 348 358 369 371 374 390 411 418 421 423 431 508 539 550 551 559 561 565 605 632 660 701 711 752 766 776 850 857 877 901 912 918 934 946 948 962
158 257 280 303 393 403 410 428 458 464 490 506 542 579 580 582 591 611 649 653 667 676 681 689 704 717 736 748 801 818 828 845 871 884 885 890 921 932 962 991 992
159 160 191 213 268 290 317 318 331 333 334 347 370 416 427 428 467 474 480 487 515 528 565 583 597 626 669 680 694 737 755 768 773 785 803 834 836 845 914 918 922 924 968 984
160 161 191 280 285 296 397 402 403 455 487 509 529 545 554 558 577 592 596 639 756 758 807 815 908 920 969
161 162 166 232 290 302 303 315 316 340 366 446 453 454 461 465 470 510 557 579 671 686 690 764 776 787 791 809 833 855 863 872 916 917 930 935
162 232 248 253 258 281 296 298 309 371 425 445 520 559 586 624 633 657 689 692 704 715 761 781 786 817 853 891 903 911 936 957 965 971 973 997
163 185 199 228 239 267 273 277 292 320 325 334 380 382 428 431 455 490 515 524 547 548 571 580 586 587 588 597 599 628 649 677 698 731 768 874 903 936 962 973
164 191 197 199 217 230 255 257 258 288 290 353 388 415 435 442 498 685 751 753 782 840 948 967
165 185 197 234 273 302 354 363 364 365 371 410 441 451 458 483 506 574 576 620 622 663 774 826 838 855 866 926 931 959 976 985
166 196 205 269 303 345 351 354 357 447 464 492 544 581 608 619 621 641 677 708 710 716 784 787 823 837 838 845 864 909 990
167 169 177 180 197 198 210 248 285 302 304 330 359 450 489 503 520 594 597 608 617 622 642 643 673 691 704 734 740 743 753 769 773 781 816 844 871 874 961 974 977 983
168 172 228 234 277 327 332 359 387 389 393 416 445 446 453 511 528 551 603 618 629 631 670 700 727 739 749 826 828 833 879 880 896 908 938 947 952
169 179 201 222 260 280 284 291 304 390 439 443 455 474 549 592 640 668 676 696 724 729 753 764 765 777 779 791 871 874 875 906 918 923 965 990
170 181 216 264 281 326 329 343 395 417 464 490 501 524 537 540 542 551 578 584 668 692 693 718 736 784 799 817 832 888 889 895 922 936 953 994
171 179 194 207 209 245 280 304 310 377 395 424 426 438 446 469 579 581 603 604 609 684 745 746 753 759 763 773 851 858 879 885 887 915 916 939 958 988
172 194 212 218 219 236 243 275 280 344 369 403 454 502 591 598 682 727 731 753 755 770 783 808 842 858 876 917 924 937 941 975 986 987 994
173 191 213 247 274 319 534 573 575 606 653 668 685 702 735 753 756 768 789 795 817 818 823 838 858 908 935 952
174 183 201 214 221 252 359 403 412 415 419 431 450 460 491 494 505 535 557 580 610 654 696 726 751 934 936 953 959 967
175 194 208 232 236 288 307 310 370 432 446 538 554 577 584 592 597 616 660 688 714 752 798 811 903 906 925 928 938 949
176 202 225 233 259 267 331 377 436 454 458 478 522 573 618 630 636 637 642 669 710 749 766 771 849 854 913 927 955 965 973 976
177 200 226 227 231 261 276 309 360 481 485 490 499 504 559 570 590 613 629 655 665 727 813 865 881 905 908 916 929 960 996
178 188 210 245 270 310 380 389 418 465 471 477 479 485 522 542 551 585 633 653 675 683 698 775 815 904 926 931 942 948 954 955
179 225 233 254 276 310 324 348 367 389 396 497 499 572 592 609 616 637 638 642 670 733 804 806 834 839 874 933 934 968 990 999
180 189 201 203 211 222 230 236 248 270 284 285 311 323 347 446 453 471 477 539 543 553 584 614 627 655 705 742 771 782 813 866 877 913 923 927 934 961 979 984 987
181 188 212 219 250 265 367 388 468 507 535 552 601 607 639 653 670 690 711 734 737 746 771 777 788 815 820 826 833 834 866 876 904 929 961
182 189 260 275 295 297 313 348 349 379 401 405 410 419 437 511 538 567 569 601 625 647 697 736 779 811 930 932 942 967 972 980 996
183 282 327 332 377 384 389 402 430 436 438 443 526 537 559 599 621 644 655 701 721 799 828 832 849 882 910 922 926 929 934 939 946 967 996
184 185 188 240 267 276 301 305 396 399 431 449 506 509 531 545 546 584 605 608 619 630 650 719 758 766 786 815 841 847 920 973 987
185 207 224 269 309 333 386 396 398 401 444 529 581 582 617 619 626 632 638 697 706 730 760 777 792 822 841 843 852 881 928 946 986 991
186 200 223 227 229 235 302 384 388 396 400 402 426 434 457 471 477 481 484 505 521 525 556 586 591 600 623 633 703 727 753 778 849 856 874 924
187 238 345 385 397 398 400 401 405 415 417 475 482 591 592 698 730 811 820 830 863 867 906 940 947
188 217 276 278 290 294 311 314 326 334 352 355 387 416 457 501 503 511 515 516 523 544 569 598 646 667 730 757 776 812 854 863 880 888 938 986 988
189 201 366 371 392 420 466 482 492 511 513 521 523 619 625 629 650 757 760 762 798 801 811 895 925 949 964
190 201 359 360 366 390 426 430 472 483 507 537 552 580 589 655 667 744 783 796 806 809 813 814 830 843 880 909 942 963 984 995
191 195 204 241 245 291 301 308 321 329 345 356 358 362 380 393 412 473 477 478 499 527 581 613 628 635 638 643 662 670 717 726 758 774 796 817 856 887 913 919 964 982
192 240 265 271 272 286 306 360 377 440 443 453 460 461 473 537 568 587 624 650 658 675 770 771 807 821 824 863 866 897 936 972 979 997
193 224 301 334 350 402 409 441 452 515 516 520 531 533 576 601 621 648 760 767 787 822 828 880 883 922 991 993
194 255 268 276 315 323 338 370 375 394 420 462 542 553 622 624 656 688 703 715 761 773 781 791 796 820 833 854 913 972 999
195 230 286 288 333 393 418 421 428 432 441 444 469 479 488 510 567 598 605 664 676 748 760 772 785 805 899 914 943 951 986
196 228 237 267 272 299 351 394 406 507 581 595 642 717 733 735 739 753 779 782 803 832 951 964 972
197 245 255 285 297 311 322 328 353 388 389 393 414 427 439 451 472 504 526 535 557 558 577 612 648 669 718 737 865 867 875 892 971 984 990
198 199 207 247 250 315 372 393 413 414 433 447 456 488 507 543 565 567 579 619 638 674 704 748 780 797 817 855 867 875 954 987
199 218 232 249 273 288 300 321 337 353 378 395 401 421 481 483 488 526 563 574 581 590 630 646 661 702 764 782 831 837 859 875 890 951 977 982 985 991
200 279 287 319 338 404 408 428 456 461 483 546 567 603 630 642 703 706 722 732 744 774 777 797 832 834 849 945 966
201 216 219 220 238 257 261 268 311 345 351 353 389 441 445 446 453 517 549 610 629 668 683 749 761 775 802 817 825 835 841 858 868 889 964
202 211 224 247 285 288 294 328 329 355 364 367 385 406 426 467 471 480 493 499 508 524 526 546 557 621 646 686 733 735 873 879 900 907 908 910 970
203 214 290 318 345 385 405 483 511 515 548 556 558 570 606 608 611 662 717 720 750 752 832 842 871 883 929 931 938 941 992
204 205 233 278 332 334 365 430 512 525 557 620 668 682 749 760 762 766 770 777 791 795 803 838 839 844 848 854 869 900 950 974
205 215 233 256 300 340 348 405 474 477 483 491 498 506 517 528 546 566 573 592 595 625 660 675 734 735 758 793 797 865 919 928 934 962 974
206 213 224 242 267 278 285 296 321 323 364 371 386 388 393 415 444 522 557 590 596 617 648 654 675 695 802 809 822 852 858 873 895 911 925 929 977 995
207 221 235 236 251 324 368 371 372 406 408 427 520 564 568 588 598 631 641 664 665 714 721 750 784 797 890 892 949 958
208 229 260 338 371 395 420 421 486 502 555 566 598 656 677 716 717 746 786 793 801 813 852 874 924 946 961 964 971
209 221 224 258 259 266 277 284 338 339 344 421 439 447 474 513 536 546 601 610 687 696 706 718 724 728 729 733 744 768 806 882 885 918 923
210 267 282 287 289 301 310 326 334 353 356 357 396 448 462 584 596 607 654 760 766 804 817 835 864 914
211 212 258 268 282 312 321 327 351 377 388 419 425 448 457 465 486 499 507 520 566 568 605 613 634 637 643 652 656 659 661 689 691 736 753 766 785 800 832 844 859 869 975
212 227 294 337 351 383 393 407 442 501 531 546 548 586 596 615 660 663 676 709 744 785 875 885 892 909 965 990
213 219 228 251 310 329 338 403 404 409 430 442 446 447 451 454 469 531 632 641 664 684 711 737 742 749 752 772 849 863 902 958 976 989 994
214 267 274 281 317 324 350 380 381 387 439 450 482 497 503 533 549 562 569 575 611 643 645 654 658 716 725 793 817 848 866 937 972
215 234 241 279 307 338 368 400 419 436 473 482 522 525 593 614 649 675 693 701 702 713 726 769 772 786 792 859 873 931 954 981 982 984
216 247 293 322 325 331 335 428 430 452 459 561 594 605 624 656 675 704 705 706 734 757 793 812 845 859 864 888 915 920 938
217 237 277 295 326 347 386 409 428 431 484 507 520 532 535 598 607 621 622 648 657 697 808 828 847 879 913 932 944 959 966 968 971
218 220 221 237 312 319 321 330 331 359 388 408 444 477 480 489 508 521 527 567 586 620 622 635 649 653 658 672 697 728 747 768 825 895 902 905 909 945 970 985 996
219 332 342 367 377 399 451 460 524 531 541 548 560 568 571 583 607 617 643 661 701 721 747 752 770 840 849 859 869 926 961 968 975 979
220 241 248 288 305 344 352 383 408 420 423 428 473 485 507 523 537 561 574 590 616 646 690 704 735 738 739 803 810 851 855 871 875 887 897 910 942 990
221 223 303 325 363 417 420 429 505 538 551 553 583 615 636 674 699 739 753 793 795 801 818 834 841 847 859 862 897 918 984 985
222 278 279 317 321 323 343 374 379 408 456 489 520 555 562 571 602 696 710 720 726 743 758 851 854 911
223 234 243 246 251 275 319 327 339 358 360 383 387 394 399 417 500 524 546 595 607 644 668 699 700 722 726 734 749 753 759 764 780 807 818 836 851 861 862 890 900 990
224 233 235 241 245 258 268 291 319 335 341 413 421 425 428 438 445 449 452 471 488 491 494 514 523 561 562 575 607 610 620 631 633 671 677 688 690 702 737 758 761 768 831 847 848 856 857 878 886 949 974 996
225 247 255 283 291 294 302 310 326 468 472 562 564 565 608 628 635 644 649 670 683 687 694 764 809 864 914 993
226 251 254 262 263 282 328 364 382 411 415 432 446 483 498 541 588 607 618 748 758 774 788 810 815 825 828 838 868 922 926
227 235 272 311 314 355 434 440 462 467 498 524 533 569 606 647 674 711 725 741 744 842 848 854 855 890 895 897 968
228 246 296 341 379 380 405 406 429 466 490 527 580 658 690 694 724 807 836 859 961 962 972
229 251 276 306 409 411 434 441 487 544 613 618 698 781 789 799 808 838 881 889 977 980 982
230 313 317 342 348 354 357 419 446 457 461 467 476 488 491 502 518 528 544 598 631 655 657 764 766 800 830 843 849 869 924 941 950 959 967 984
231 239 245 262 286 333 346 352 357 384 386 393 448 502 561 566 567 602 615 625 629 631 657 682 695 710 762 763 764 778 803 804 810 838 884 887 891 896 899 985
232 269 299 353 355 358 406 467 474 528 560 643 648 669 674 702 721 839 931
233 285 308 341 347 499 516 523 541 571 580 629 642 665 685 696 745 764 768 794 796 808 814 825 884 931
234 240 301 309 315 343 356 392 420 435 455 467 495 509 518 524 556 568 611 623 628 642 680 685 737 740 775 827 863 908 935 943 979 987
235 240 259 288 311 360 388 415 421 441 458 490 512 518 523 586 672 676 679 718 785 793 798 804 854 860 892 895 896 929 942 977
236 261 275 297 298 332 341 346 354 428 458 481 489 497 541 591 608 636 663 674 705 727 742 802 812 834 858 872 919 924 925 969 977 978 981
237 245 265 295 318 327 345 372 373 380 421 431 459 465 487 501 512 526 570 608 649 650 651 673 681 692 741 745 749 759 772 781 816 827 834 846 894 920 941 945 986
238 250 272 280 344 391 405 414 420 444 471 511 539 582 583 587 589 596 622 685 697 704 718 722 768 802 854 863 880 901 909 940 946 956 977
239 254 276 279 280 292 302 316 328 376 382 414 437 482 492 546 549 561 649 722 750 788 791 793 839 869 893 921 941 985 993
240 242 247 254 284 306 314 349 362 370 371 403 412 470 495 517 557 599 634 663 685 697 701 715 734 740 763 795 831 850 866 873 931 975 983
241 248 254 261 296 327 336 365 393 466 505 509 511 545 600 603 661 694 745 786 787 844 899 916 938 960 985
242 273 283 299 353 363 369 399 406 442 463 483 498 557 560 579 736 762 791 824 830 836 864 905 916 939 950 985 991 996
243 292 307 308 310 329 359 367 379 429 440 487 511 556 594 639 780 801 848 858 868 916 929 985 993
244 250 326 352 363 364 392 396 494 515 530 532 551 594 618 692 737 745 891 960 966 987 995
245 252 253 255 266 275 282 295 296 324 357 362 392 400 417 437 456 457 462 467 474 506 526 567 746 782 795 867 923 945 965 966 971
246 250 254 302 306 321 360 394 407 445 454 572 585 587 601 602 632 635 669 690 702 724 733 737 770 786 823 824 831 836 855 862 875 955 961
247 255 260 287 306 308 309 324 338 341 342 355 385 391 426 497 503 551 577 700 701 813 821 856 889 903 938 944 949
248 253 264 270 275 279 281 283 288 299 329 333 360 382 421 422 445 522 748 793 832 837 868 924 925 926 941 958 967 979 984
249 288 294 297 348 369 379 421 460 516 575 619 666 765 776 792 798 835 849 865 926 948 959 979 995
250 271 272 277 293 331 387 427 435 436 437 442 458 467 477 504 565 571 593 660 754 756 785 819 854 855 862 867 895 920 944 946 961 977
251 286 289 294 322 326 341 409 424 463 499 555 559 626 636 658 739 756 768 779 782 880 928 941 943 959 992 996
252 288 318 338 356 417 487 578 586 600 615 618 633 642 661 689 693 710 712 777 786 792 807 813 823 842 854 884 911 968 977
253 312 327 397 400 404 416 431 486 494 532 581 589 623 671 684 721 776 787 821 842 916 940
254 310 351 355 410 472 514 530 552 567 598 633 652 677 710 722 745 762 768 806 836 878 879 887 895 931 952 971 977
255 264 280 284 292 316 367 387 417 422 467 476 480 544 550 574 595 615 619 643 661 694 726 728 747 766 767 839 850 859 870 871 904 919 985 990
256 283 289 331 361 397 445 475 494 500 545 565 569 585 586 622 645 683 692 696 714 718 738 751 765 772 773 789 817 823 850 858 860 872 880 904 960 998
257 339 388 416 446 479 481 497 520 528 546 547 574 588 591 613 636 643 644 663 680 685 691 741 769 774 833 866 883 908 922 935 953 965 996
258 284 294 300 301 305 331 335 377 379 387 421 428 474 511 520 547 560 583 590 614 622 651 707 713 748 823 842 847 878 896 928 939
259 279 288 295 334 347 352 372 389 390 461 471 482 488 548 571 574 577 602 606 627 674 685 769 828 858 880 896 914 938 965 966 971 994
260 379 386 396 422 436 445 466 492 500 539 540 545 561 577 592 595 604 633 674 725 740 743 757 785 793 800 812 818 828 830 834 859 872 875 930 982
261 322 359 376 383 442 460 491 516 565 576 607 671 695 766 778 850 863 868 889 918 929 934
262 378 443 444 479 490 516 535 547 549 653 697 699 706 707 741 770 773 781 794 842 850 869 898 966
263 323 409 445 449 481 484 502 514 559 582 583 618 628 667 673 682 686 727 741 744 809 814 839 864 927 932 959 964 976
264 299 315 331 350 390 418 422 431 500 505 507 526 540 672 744 773 774 823 861 887 901 938 956 978 986
265 279 282 285 294 331 349 381 383 389 395 403 407 462 472 489 492 598 624 673 737 748 787 834 889 911 945
266 276 287 291 328 376 377 404 411 413 439 440 457 509 518 551 571 616 617 644 650 668 673 688 698 732 801 818 829 834 841 842 849 873 896 924 949 955 956 995
267 293 314 351 412 431 459 515 533 612 650 693 705 718 745 749 752 773 818 837 843 877 879 893 905 959 972
268 281 286 294 322 327 328 340 341 342 349 375 393 467 488 496 498 502 513 559 572 681 720 724 747 813 852 940 950
269 272 294 321 409 482 552 571 590 604 636 644 675 700 715 718 750 804 825 832 845 860 868 894 941 969 988
270 330 416 419 426 449 451 453 464 469 501 530 541 552 589 638 645 665 733 746 754 850 864 929 952 955 964 969 972 979 986 997
271 275 323 327 330 345 353 362 364 419 469 528 530 535 541 543 561 598 613 641 697 723 775 815 850 852 869 876 889 891 905 911 929 934 935 939 943 946 960 964 974 984 992
272 281 297 303 405 592 598 601 602 627 628 687 737 744 752 754 767 768 793 826 847 853 912 930 941 943 965 967 975
273 315 323 328 336 347 362 366 443 459 485 497 507 555 569 634 654 672 683 741 756 778 787 806 822 895 914 927 940 970 985
274 280 282 332 372 376 403 410 423 466 493 503 568 583 604 608 609 634 640 664 666 700 729 776 792 796 805 806 808 834 852 856 881 900
275 289 298 303 338 344 396 437 457 491 504 510 513 523 525 531 538 553 563 612 624 632 640 645 670 673 689 714 770 772 814 833 842 863 904 922 971 972
276 290 298 303 370 382 384 386 399 454 467 498 515 525 575 619 626 635 688 711 717 759 769 788 800 833 852 891 901 906 955 975 977 982
277 318 323 406 425 428 490 502 543 544 556 558 594 605 608 631 658 668 669 692 702 728 730 740 793 805 811 813 841 844 863 864 935 969 986 999
278 279 290 336 366 407 411 519 541 576 577 582 585 596 607 611 633 648 744 764 790 793 805 857 873 900 909 917 956 978 979 980
279 284 314 320 327 388 391 400 462 486 488 543 544 575 576 672 711 721 730 773 776 792 815 851 866 873 901 972 981
280 318 327 347 361 407 415 417 425 443 444 486 517 571 650 651 653 655 660 665 719 768 784 792 849 902 912 915 918 925 941 949 987 991
281 349 366 371 376 406 432 437 441 483 497 531 538 592 605 619 631 652 662 667 669 730 796 803 809 810 841 859 905 930 937 941 964
282 348 360 423 433 439 445 475 499 527 591 617 661 686 711 719 726 734 740 811 816 851 855 859 921 929 952
283 296 310 311 318 355 356 381 402 412 436 452 488 520 541 568 574 626 629 684 732 752 774 832 843 875
284 290 336 353 361 397 404 407 456 489 491 537 548 622 628 636 683 706 748 777 791 820 840 870 886 898 907 926 927 940
285 333 350 417 437 458 464 526 624 638 671 682 694 730 731 755 776 799 832 861 868 874
286 289 302 305 309 316 346 390 445 512 519 524 562 640 682 683 686 690 705 723 726 736 740 755 800 849 861 873 879 920 924 934 938 970 974 977 984
287 335 359 370 428 442 472 480 483 547 609 614 617 638 668 744 787 808 886 927
288 319 323 333 343 360 366 464 465 471 541 543 581 596 603 640 660 670 757 787 849 926 950 993 994 995
289 311 322 333 374 438 442 453 459 551 560 617 619 620 634 643 648 653 663 670 680 696 712 738 752 769 781 832 840 857 872 942 947 952 954 970 986
290 302 338 354 381 385 398 451 470 494 511 536 557 569 582 584 595 625 641 642 682 685 758 787 815 816 836 866 880 897 910 931 986
291 320 335 337 339 347 365 386 388 418 464 479 512 669 700 712 730 735 749 828 847 862 866 893 956 959 993
292 329 341 432 498 503 535 538 563 581 658 697 706 727 779 782 792 805 815 828 854 902 925 942 952 954 999
293 369 382 431 436 489 524 583 601 606 665 755 782 794 851 864 910 930 933 953 970
294 300 311 321 350 366 451 506 510 566 586 597 674 682 684 685 704 725 750 800 833 877 947 977 996
295 371 393 404 420 461 492 518 531 560 651 659 678 693 711 724 752 767 800 855 877 887 908 938
296 389 453 496 499 527 530 539 565 638 651 658 702 713 741 779 844 855 890 895 934
297 300 317 363 379 404 425 432 534 537 558 583 622 665 693 703 705 716 719 723 795 806 827 855 967
298 306 316 330 361 532 553 594 597 652 654 672 690 705 741 854 885 901 907 949 962
299 312 320 338 352 362 376 412 423 470 523 544 551 552 585 592 597 734 848 869 876 960 991
300 314 397 412 421 491 596 598 599 606 638 660 663 702 711 727 767 837 847 932 937 953 975 999
301 362 367 431 460 491 494 497 514 519 530 573 596 608 612 628 638 653 654 682 724 750 751 784 788 804 838 854 855 882 883 914
302 333 337 351 361 417 443 458 497 506 628 635 653 700 703 711 719 733 783 792 942 952 978 995
303 371 376 393 438 453 472 485 490 543 590 592 608 611 613 626 651 680 687 698 767 769 791 839 899 913 926 938 978
304 328 359 414 462 481 568 631 639 661 667 741 748 764 766 776 792 852 869 873 882 920 935 994
305 311 334 346 347 356 362 379 383 448 456 464 491 506 533 557 562 565 572 591 622 655 673 679 703 740 793 801 828 843 854 869 895 896 947 952 967
306 352 375 448 450 485 494 509 510 549 551 580 590 599 630 644 721 729 750 759 774 781 836 843 862 863 906 909 971 974
307 322 339 341 361 371 390 412 419 471 491 527 535 568 573 599 613 620 651 685 698 762 795 802 835 887 933 944 958 961 993
308 355 363 365 394 483 527 530 546 577 578 632 638 646 667 689 712 746 753 831 867 875 915 936 940 952 970 985 987 991
309 324 336 382 395 418 424 451 613 632 676 701 708 710 713 779 799 816 820 847 909 912 932 962 984 989
310 316 331 335 342 356 382 410 430 445 462 564 568 595 601 627 644 674 723 744 785 818 930 933
311 343 354 371 382 522 533 567 644 659 762 779 830 840 842 880 923 924 925 938 945 962 977
312 315 317 343 347 373 380 423 436 455 464 467 493 516 522 600 617 622 639 791 812 828 876 891 923 925 961 974 981 994 997
313 326 381 407 408 421 485 491 542 568 600 615 618 628 630 637 668 672 700 731 752 771 786 817 826 847 891 894 907 979
314 352 373 377 389 401 455 513 562 576 577 614 625 660 676 687 750 752 796 822 831 835 840 844 847 851 872 885 902 913 914 954 996
315 318 342 348 350 359 362 374 386 421 422 532 534 553 561 583 627 674 679 719 742 778 782 808 832 850 858 866 875 951 963 983
316 317 365 420 467 494 495 519 551 557 560 563 598 608 663 733 749 757 778 902 913 914 918 997
317 374 375 412 450 452 453 517 608 640 666 699 716 770 796 797 846 874 916 922 957
318 348 387 393 401 432 436 484 488 497 516 576 618 620 647 655 671 680 682 729 731 751 793 821 847 854 863 882 889 890 898 904 914 922 932 969 980 993 995
319 336 359 450 501 505 541 566 604 621 681 698 748 760 775 782 824 867 898 899 907 918 943 946 965 976
320 325 379 489 491 498 517 521 573 587 607 614 654 686 701 708 755 769 884 953 962
321 341 374 379 403 440 481 502 515 570 612 621 642 645 685 713 718 721 730 746 840 900 949 967
322 329 339 355 402 409 453 475 484 528 581 599 625 657 708 712 778 786 788 810 860 879 922 932
323 337 366 372 378 380 393 469 495 522 544 549 563 569 570 622 624 625 627 636 637 645 667 696 741 765 821 840 856 858 901 915 947 996
324 325 391 449 486 530 583 588 601 623 625 691 692 695 722 729 758 771 772 779 788 793 812 832 834 840 872 874 895 918 944 945 970 986
325 339 372 379 385 462 485 497 506 507 510 577 584 696 706 731 777 784 817 855 857 926 928 965 975 997
326 330 346 350 390 466 483 504 507 532 539 561 585 590 598 617 630 772 814 817 840 921 955
327 352 371 393 396 431 463 466 471 492 539 612 613 618 629 648 655 663 677 717 765 792 821 824 873 875 902 927 969
328 369 400 402 468 476 483 517 530 558 616 619 692 737 747 755 767 929 935 937 974
329 332 346 348 390 397 406 416 424 431 445 448 458 496 521 570 583 611 613 615 617 652 673 693 720 785 808 821 836 852 861 886 920 933 990 995
330 347 388 400 410 436 485 538 555 574 576 623 640 656 671 727 762 774 782 789 813 905 915 963 966
331 349 354 368 372 394 403 418 427 469 483 499 537 545 554 558 559 570 582 681 683 701 753 781 823 828 832 883 896 942 995
332 377 380 405 435 459 492 543 546 564 571 589 598 601 617 639 668 670 680 682 713 779 826 855 865 875 888 891
333 345 407 427 435 451 456 490 516 520 531 539 562 570 591 626 640 667 668 703 716 728 736 766 799 838 934 939 963 971 979
334 394 404 405 418 451 481 491 493 495 499 518 552 625 683 702 703 713 723 755 807 824 844 892 897 943 974
335 349 382 453 471 501 521 549 568 631 645 670 678 684 704 713 729 736 759 770 779 807 815 828 899 915
336 388 434 435 439 443 463 464 465 476 487 492 530 535 567 647 653 662 678 686 769 808 822 824 848 882 892 902 934 965 985
337 356 386 387 415 483 495 514 598 635 671 698 707 728 734 735 746 778 824 845 853 959
338 384 426 436 532 574 581 619 721 760 811 846 849 885 968 979 998
339 413 419 486 487 498 501 541 620 675 684 725 731 761 794 812 842 886 891 908 909 938 995
340 369 421 430 451 453 455 489 499 530 554 560 605 616 636 643 649 651 682 721 767 771 781 799 800 835 838 853 868 881 893 895 969 975 977 986
341 389 400 412 468 479 516 527 594 643 662 664 690 711 715 744 795 799 864 939 983 989 995
342 359 414 431 513 535 572 588 600 613 635 642 661 668 686 693 717 727 755 777 807 812 816 819 832 835 840 850 880 898 936 975 985
343 404 456 527 539 548 550 580 606 631 640 667 692 712 750 799 806 821 869 932 937 972 991 993
344 370 371 431 434 451 524 608 619 646 651 659 736 770 840 851 860 862 886 893 957 962 964 983 986 990 991
345 375 392 425 426 474 482 545 634 657 679 695 715 720 725 732 746 765 786 790 813 817 840 864 892 923 931 952 982
346 354 404 425 429 488 499 500 557 585 597 625 632 666 704 741 771 789 791 794 831 849 858 863 916
347 361 362 366 381 413 427 446 468 527 622 639 645 653 673 703 725 735 754 757 763 777 806 847 850 910 918 935 981
348 353 362 388 393 398 405 424 437 552 604 611 615 646 689 703 739 789 831 839 894 903 931 965 976 977
349 360 374 376 434 435 484 521 638 639 654 711 771 794 805 812 818 867 881 934 949 998
350 355 473 492 530 580 607 613 686 694 736 826 835 850 855 863 883 912 991
351 377 385 389 390 391 400 449 473 559 575 602 613 624 703 714 715 721 726 771 790 843 856 857 899 907 934 974
352 388 403 411 412 417 492 514 527 630 700 706 714 717 722 749 778 804 840 843 870 888 937 938 964 983
353 355 381 401 410 424 451 496 504 509 520 540 560 576 582 603 614 667 704 731 808 809 812 874 882 907 933 948 980
354 364 386 392 400 402 437 504 514 520 553 615 637 642 709 748 784 803 839 873 895 911 934 935 947 948 963 969 988
355 384 385 428 440 443 444 446 502 564 570 577 623 681 690 705 748 831 840 865 866 884 885 897 912 929 953 962 988 999
356 393 405 410 425 433 458 522 540 551 554 591 636 653 686 706 739 745 775 784 786 823 927 931 937 938 964 987
357 359 434 440 475 485 558 564 590 626 641 642 659 697 772 808 811 817 841 859 864 865 925 955
358 386 394 448 457 491 509 515 519 520 531 557 565 580 586 598 640 643 680 694 731 732 777 803 807 822 840 857 879 902 910 951 955 963 968 975 987
359 365 422 423 433 445 466 474 503 531 555 571 578 607 608 634 635 661 691 695 731 800 805 808 863 902 913 957
360 413 423 448 495 498 500 502 522 525 550 567 570 574 579 601 608 622 653 664 682 695 706 714 742 835 836 844 848 856 859 881 964 972 983 984 994
361 400 419 425 441 454 500 553 606 611 627 643 645 676 677 712 714 725 742 744 772 792 805 835 844 850 867 892 894 981
362 509 521 531 538 560 574 587 613 627 705 737 797 864 903 908 942 953 981
363 369 397 420 462 542 590 596 672 677 711 735 795 809 831 838 843 948 979 984
364 397 429 446 458 471 477 516 555 591 604 605 633 654 657 694 819 834 895 900 940 943 950 971 991
365 372 393 402 415 430 493 510 514 518 580 633 652 681 717 720 775 782 847 854 861 873 886 888 889 970 984
366 367 397 405 439 456 478 484 498 519 585 598 655 700 710 765 772 777 782 799 803 812 836 864 903 932 965
367 420 433 442 468 525 613 620 637 653 756 759 780 784 802 833 840 858 879 930
368 420 421 452 496 512 532 591 596 650 721 722 727 768 790 793 817 818 837 839 854 872 925 928 929 933 977 993
369 413 417 422 438 442 456 471 475 550 560 590 607 614 664 669 697 716 726 740 747 764 800 844 881 927 951
370 385 395 414 449 469 492 510 521 566 567 583 603 621 655 668 694 716 787 794 795 807 812 844 870 888
371 390 431 442 443 447 490 544 546 550 566 608 663 695 709 764 773 778 798 805 879 915 944 960 977
372 423 445 470 486 523 525 535 538 562 565 618 634 635 658 661 679 714 741 773 842 873 877 884 934 982
373 406 412 461 524 526 612 681 694 713 729 761 766 769 832 833 900 942 954 995
374 419 448 460 535 551 559 594 600 613 615 639 654 663 665 740 757 782 831 856 880 892 914 939 941 990
375 411 429 435 436 492 501 518 529 552 558 579 584 585 593 607 678 754 762 796 843 867 891 909 931 986 990 994
376 383 388 420 423 431 454 508 544 552 562 571 599 630 678 688 736 836 839 855 893 966 995
377 386 422 440 545 568 604 605 624 690 697 713 779 790 794 832 836 849 893 901 906 942 956 959 964 995
378 420 437 511 586 595 611 634 673 686 692 753 761 777 782 790 818 870 884 913 924 941 944
379 467 508 509 519 529 699 704 707 709 741 743 749 784 793 805 845 885 900 928 937 946 948 980 988
380 424 426 431 473 480 482 490 553 590 601 602 634 704 706 791 798 805 910 922 968 986 992 993 998
381 384 398 468 514 518 556 558 587 606 613 614 620 631 641 642 646 716 717 755 766 776 799 808 823 865 938
382 390 429 473 487 518 542 577 590 604 678 691 715 723 735 808 831 894 933 940 961 965 981 994
383 411 503 505 507 553 568 584 588 599 601 618 669 677 712 713 716 730 767 773 787 806 818 832 849 895 898 899 910 935 948 954 996
384 420 432 435 449 451 460 484 502 581 599 609 652 659 664 707 739 776 784 790 795 817 835 844 880 912 943 952
385 391 403 417 444 466 480 539 544 589 646 658 681 762 775 787 794 857 858 863 865 942 962 966
386 391 416 417 422 430 453 472 486 536 590 593 615 620 627 631 693 751 775 782 860 870 900 954 978 996
387 407 443 451 455 472 473 481 486 509 519 522 603 682 688 690 696 701 731 760 771 796 856 868 879 908 909 929 931
388 403 416 423 433 436 443 449 462 473 481 558 568 569 572 588 614 622 646 668 679 717 762 773 777 779 798 815 821 883 891 908 943 947 949 985 999
389 390 397 513 515 522 526 552 567 602 604 608 616 649 654 662 673 692 721 732 745 776 808 823 832 836 840 850 904 924 950 958 972 981 990 996
390 403 413 421 447 456 482 521 524 541 552 600 617 621 642 661 685 694 719 784 788 793 813 815 819 854 858 865 877 908 913 923 964 971
391 419 442 474 510 528 547 550 568 571 621 638 729 738 798 820 832 859 864 927
392 410 413 420 479 493 546 603 620 646 672 681 763 787 821 823 915 925 956 967 974 987 997
393 408 441 447 461 463 487 510 512 576 580 639 645 649 770 777 785 823 834 844 849 862 868 901 907 952 973
394 403 425 426 446 489 500 509 517 535 573 591 627 631 649 668 717 731 758 848 858 877 898 951 960
395 431 475 482 484 492 507 523 536 541 548 599 617 634 750 754 762 771 798 815 841 846 924 941 943 963 976 990
396 398 440 451 474 480 501 548 569 604 700 728 732 745 782 845 849 862 869 882 964 966
397 409 419 440 446 448 457 499 509 566 626 642 658 680 739 744 749 787 848 856 861 924 929 943
398 435 447 493 535 572 680 747 748 785 825 841 844 861 895 900 948 958 970 980
399 426 460 475 497 525 530 538 610 611 618 624 650 656 724 744 772 791 809 855 867 890 928 933 966 980
400 481 520 525 578 581 616 620 649 653 666 679 728 773 788 818 819 853 873 920 952 965 966 984
401 476 508 525 569 629 648 660 671 674 713 718 779 784 849 866 978 989
402 434 438 447 461 470 489 636 642 741 762 767 783 790 811 878 909 948 958 986
403 408 446 458 523 530 557 584 593 601 620 625 632 633 665 723 752 762 899 906 993
404 428 458 490 518 527 553 560 604 627 637 647 649 653 655 714 725 755 809 832 849 854 878 882 957 976
405 441 445 447 575 579 590 611 622 637 642 670 707 709 717 755 825 838 872 887 905 933
406 429 430 440 459 531 540 609 619 640 645 670 724 749 794 819 836 854 863 881 898 919 936
407 414 444 445 449 454 461 462 499 513 529 538 541 598 632 658 681 692 719 724 793 803 814 852 884 987
408 458 479 482 558 567 630 647 651 666 667 675 703 704 706 712 724 734 790 848 859 896 905 931 937 956 970 972
409 565 571 605 658 662 681 685 687 715 786 824 850 859 918 924 956 979 996 999
410 423 443 457 458 460 472 500 519 536 598 641 669 718 738 796 830 857 904 906 934 962 992
411 419 437 444 459 498 515 519 523 533 585 598 603 636 638 644 646 679 717 730 753 767 783 797 820 823 832 837 944 971
412 413 473 478 524 531 537 554 574 575 577 580 599 616 622 639 659 661 720 734 764 784 786 799 818 820 834 850 855 871 909 914
413 475 504 507 517 541 543 544 553 620 635 670 705 722 724 730 733 745 759 765 851 871 893 914 987
414 416 429 445 484 528 560 562 563 572 579 667 707 829 841 854 898 899 901 908 920 925 945
415 431 459 536 570 614 655 661 681 684 722 769 807 809 817 855 916 929 951 958 971 975 979
416 512 523 562 572 580 582 605 626 640 656 664 684 690 786 787 792 800 850 891 922 964 968
417 422 426 464 467 499 526 550 565 567 641 651 668 691 780 793 816 829 892 925 946 988
418 457 467 477 495 509 520 544 556 632 650 699 744 816 830 848 868 884 885 898 901 915 934 936 955
419 453 462 473 495 503 506 513 521 596 607 621 667 710 777 817 823 843 860 897 926
420 453 454 467 487 511 527 532 564 576 582 587 633 642 655 665 697 712 718 721 729 811 843 858 861 862 867 920 926 944 954 963 972 981
421 440 540 542 551 569 589 590 644 667 711 718 782 788 828 901 906 920 947
422 453 500 504 525 599 634 638 680 681 683 702 736 749 767 808 851 966 990
423 451 484 486 517 521 549 550 564 567 574 605 612 666 698 704 762 776 791 835 842 860 893 924 927 989
424 435 444 487 538 541 553 575 576 597 612 625 660 665 695 703 724 727 761 818 846 880 884 905 906 908 928 962
425 427 445 451 454 473 478 479 519 583 629 673 687 714 716 784 785 795 796 802 888 926 927 930 951 968 976 980 988 989
426 427 437 477 497 510 514 520 524 527 579 631 672 718 723 754 777 784 788 799 840 955 978
427 453 458 486 502 517 522 550 613 625 630 719 735 737 755 769 773 811 848 933
428 436 455 481 502 528 536 546 713 736 815 830 839 846 859 864 885 943 945 950 983 987 994
429 465 478 479 498 511 526 527 569 579 661 684 697 701 802 807 818 873 881 885 892 901 906 931
430 506 521 553 586 589 597 622 632 690 712 752 763 769 822 830 855 896 915 934 945 956 966 974
431 446 471 476 499 509 512 530 553 608 646 660 687 707 718 724 774 783 786 794 847 875 880 882 912 939 948 969 994
432 496 515 535 610 628 646 742 802 808 818 841 850 861 862 934 935 959 964 978
433 448 477 484 504 570 609 622 632 653 666 695 700 834 856 870 932
434 485 493 497 510 528 537 575 588 614 629 636 655 663 683 721 741 755 786 813 823 884 892 906 930 944 948 964 982 984 992 995
435 445 468 474 476 543 550 551 574 611 699 710 719 746 770 776 795 807 836 864 865 868 882 902 920 939 949 976
436 526 584 608 649 656 687 688 737 741 806 842 853 885 913 946 962
437 444 490 499 526 581 636 646 653 752 759 776 818 830 857 911 914 915 946 959 966 992
438 475 506 550 581 623 632 653 725 735 744 760 816 870 936
439 447 460 491 517 550 552 588 602 616 621 623 660 715 729 732 765 885 921 922 947 956 959
440 484 529 541 556 578 595 620 636 650 658 682 731 746 754 769 788 908 919 922 937 958 973 976
441 463 497 518 532 621 631 633 665 703 709 805 806 811 821 846 852 862 882 895 930 963 987
442 449 465 570 580 622 623 651 658 663 718 754 755 824 835 887 936 986
443 459 475 502 552 564 604 804 866 875 943 977 980 999
444 462 483 525 532 597 599 674 704 750 832 835 869 906 927 936 944 969
445 453 454 477 491 492 548 551 580 589 597 599 732 750 761 763 808 925 950 956
446 566 607 629 645 713 718 720 724 733 750 786 788 789 796 806 808 847 885 951 976
447 476 495 509 523 576 577 609 627 743 764 779 856 866 887 896 903 929 944 951 965
448 454 484 520 530 531 534 535 545 587 627 641 645 648 652 696 700 707 717 719 750 777 794 825 834 835 849 864 867 873 880 902 934 936 963 975
449 483 535 548 553 594 596 693 700 710 763 789 810 858 872 886 923 928 972 986
450 495 500 542 547 568 635 648 716 737 740 779 780 782 788 796 816 843 875 955 992 997
451 488 495 499 517 536 568 569 577 608 635 703 706 709 717 771 782 787 822 831 832 861 953 954 980 990
452 470 475 480 525 563 605 664 670 690 781 844 870 875 877 906 919 928 935 940 951 973
453 461 495 502 575 578 619 625 717 724 796 798 801 826 883 897 900 915 933 937 959 966 985
454 488 497 528 560 595 597 696 699 730 749 783 797 851 855 857 929 967
455 497 498 505 538 564 568 573 618 623 649 650 666 731 749 774 787 808 811 922 945 966
456 511 520 578 599 630 638 645 670 681 691 702 707 734 754 761 783 824 832 850 880 908 922 943 967 982
457 483 533 584 606 655 661 699 706 729 734 763 773 799 842 896 944 953
458 484 513 516 529 579 591 592 598 608 621 651 692 702 710 720 748 751 822 835 891 898 927 950 967 980 994
459 498 503 561 586 590 602 609 624 636 641 646 675 678 683 782 785 958
460 490 503 513 586 624 674 680 780 798 830 839 867 910 928 941 994
461 462 481 492 517 550 554 573 583 599 631 637 702 718 743 748 773 774 775 783 808 849 854 870 878 881 882 904 912 918 926 938 961 978 980
462 552 568 598 644 674 721 793 836 912 968 969 979
463 470 475 481 518 555 574 600 654 673 701 704 719 726 758 807 818 825 833 867 900
464 494 520 547 552 555 629 651 680 684 744 758 771 802 824 836 844 850 852 866 880 886 913 971 999
465 480 487 493 497 536 555 564 565 577 583 585 592 606 611 615 666 667 700 729 731 785 791 792 849 856 862 868 904 931 964 991
466 472 506 518 542 567 584 591 592 596 606 631 652 682 698 706 904 918 929 934 965
467 477 494 500 529 584 588 591 611 612 635 658 669 693 833 835 886 897 905 958 975
468 489 529 535 541 553 608 642 655 664 680 686 707 730 737 771 799 803 804 811 825 829 857 877 904 910 929 945 951 952
469 507 514 522 528 637 638 645 677 695 703 725 819 823 828 850 880 895 948 953 961 963 975 997 998 999
470 493 511 577 618 620 642 695 718 780 785 808 834 840 848 872 878 914 916 917 923 983
471 473 506 564 574 577 586 589 612 633 655 722 766 823 833 844 882 939 940 941 956 993
472 503 510 512 587 629 631 663 699 834 839 857 869 884 888 901 930 931 958 960 968 981
473 506 517 520 525 533 536 618 639 652 704 814 874 903 916 944 963
474 489 500 530 542 554 582 590 658 770 788 799 830 837 880 947 952
475 488 500 532 605 618 656 661 689 705 750 765 783 785 820 825 840 901 919 921 960 986 996
476 480 520 606 636 638 662 668 669 697 701 727 745 770 792 812 823 853 880 906 919 936 981 984
477 482 573 588 601 606 616 629 695 704 748 783 815 822 860 870 881 886 923 924 925 927 947
478 496 499 536 544 545 571 587 634 653 661 686 701 747 751 768 833 847 894 911 928 937 952 980 989
479 498 502 545 566 567 626 636 684 695 718 721 746 771 783 840 860 873 912 915 917 918 920 925 932 951 973 996
480 493 517 525 530 560 566 613 616 640 670 684 716 721 859 895 943 960 968
481 484 517 529 535 585 592 636 673 679 805 807 874 892 897 904 913 942 965 971 999
482 540 551 557 572 607 619 670 676 703 732 733 778 798 877 881 902 943 960 978
483 516 526 537 554 570 593 630 631 637 689 707 761 768 773 774 785 806 813 819 826 829 876 900 982
484 512 518 528 530 562 575 616 625 692 723 753 815 871 931 954 986 990
485 509 563 570 577 579 609 640 669 708 749 755 761 775 802 816 883 909 945 946 951 957
486 568 572 574 617 631 652 662 683 688 740 745 758 773 805 821 834 853 873 887 923 980
487 505 521 540 546 552 557 559 561 613 638 650 697 709 710 725 805 807 852 866 963
488 500 533 547 591 603 627 685 744 811 822 850 866 880 924 960 961 971 981
489 498 509 541 555 560 633 649 665 706 709 733 754 823 844 851 852 889 915 921 946
490 498 550 614 668 689 699 737 775 802 833 904 927 935 941 985
491 507 536 569 574 633 674 677 710 729 734 766 830 832 856 867 880 881 912 913 949 973
492 495 497 512 517 595 606 679 692 746 776 793 832 985
493 566 572 594 636 662 722 756 780 781 790 796 813 817 818 898 925 946 981 985 998
494 517 520 529 572 581 587 636 652 714 716 739 755 808 817 839 856 863 881 929 945 946
495 503 530 571 628 636 646 718 754 756 757 762 769 798 809 842 858 908 914 924
496 497 548 610 665 704 778 815 915 956 996
497 542 545 560 563 566 573 584 669 722 773 818 860 972
498 504 507 518 527 533 582 656 696 697 701 717 763 764 790 812 827 833 836 838 894 900 928 986 991
499 533 557 566 596 649 663 697 701 727 768 790 797 802 888 920 956 974
500 512 519 546 557 606 620 664 685 708 715 721 734 773 776 788 802 818 852 853 864 951
501 577 594 599 624 643 688 694 757 762 843 849 853 896 921 968 969 977 990 993
502 552 571 577 642 662 708 717 729 746 747 751 757 800 828 835 864 925 955 964 984 988
503 525 529 547 553 568 597 600 626 630 633 696 745 814 822 835 863 865 977 979 981
504 528 532 577 588 593 631 640 713 739 788 793 810 873 878 942 996
505 633 684 693 695 696 735 750 778 802 813 846 894 915 927 943 947 966 982 997
506 521 523 559 568 575 577 606 643 650 655 721 741 780 801 817 830 831 834 845 852 875 910 924
507 525 570 618 643 660 663 684 728 772 775 786 796 808 840 859 880 906 920 956 976
508 574 630 633 638 676 721 787 838 848 850 854 856 896 933 939 947 954 972 989
509 522 556 573 628 629 691 713 736 776 846 859 860 863 881 945 955 973
510 515 516 563 617 661 662 679 688 716 727 804 858 874 883 895 902
511 534 538 540 551 576 582 590 626 653 656 665 735 739 757 786 803 850 874 876 906 928 967 984 989
512 527 530 549 562 651 680 686 739 740 744 792 821 826 862 927 956 979
513 525 528 530 538 552 647 689 727 747 761 768 788 792 810 826 828 881 892 894 909 934 958 962 970 994
514 522 530 554 591 601 621 649 655 690 729 732 790 798 802 803 818 849 873 886 897 914 924 940
515 529 540 554 571 577 618 619 620 621 624 646 696 708 747 770 817 867 875 916 946 950 954 969 998
516 545 594 596 617 620 665 708 757 768 784 789 804 805 840 864 866 880 886 904 928 983 998
517 526 543 572 589 594 652 694 745 776 804 843 870 883 886 891 932 979 998
518 578 589 610 633 656 657 674 685 711 753 754 769 788 790 800 802 814 838 854 877 880 902 940 982
519 522 523 531 541 545 547 555 562 574 630 682 721 736 745 749 762 768 790 828 841 851 879 906 928 989
520 533 552 553 586 627 649 673 681 702 709 739 775 787 815 841 865 866 878 885 906 914 967 968 969 976 981 983 985 993
521 528 529 530 554 563 575 682 695 708 725 736 805 839 895 994
522 543 579 600 640 659 695 700 721 756 773 806 812 841 849 858 947 984
523 542 550 561 602 603 606 609 621 643 667 684 692 708 711 743 775 797 830 832 856 870 884 953 957 969 976 982 990 992 996
524 554 555 593 621 648 651 664 676 701 710 772 782 784 798 824 833 835 881 899 904 908 920 937 941 942 955 980 981 997
525 530 537 584 690 694 720 789 822 823 860 875 928 977
526 540 583 585 593 617 649 665 695 698 711 719 738 749 760 773 778 808 810 861 931 935 942 999
527 546 660 671 675 709 711 777 817 825 830 867 909 974
528 575 580 581 582 641 645 657 674 706 739 754 758 848 859 860 884 897 899 943 944 974 981 989 995
529 585 602 621 637 648 650 668 669 670 700 716 723 738 772 781 847 870 906 926 947 962 978 998 999
530 556 574 592 649 654 658 664 673 697 698 704 713 719 723 743 772 777 781 784 789 792 821 853 962 963 998
531 562 571 584 587 635 638 644 665 718 734 750 776 791 845 848 851 878 893 933 941
532 567 698 715 752 775 909 912 914 919 981 990 997 998
533 550 553 651 659 719 720 753 764 844 907 917 919 951 968 980 982 989 990 992
534 545 623 625 708 711 764 777 779 783 862 863 870 876 932 941 945 973 981 984
535 552 578 608 631 665 674 687 719 730 758 789 829 847 866 875 894 915 916 931 943 953 973 985
536 646 720 772 773 787 828 882 981
537 548 573 610 619 632 667 693 715 723 758 784 836 839 854 865 869 886 956 978 984 990
538 549 561 564 588 602 665 764 775 793 819 842 849 874 877 891 893 897 925 973 998 999
539 572 592 610 618 652 656 669 688 708 730 733 793 850 895 953 983
540 590 624 628 652 655 676 704 742 762 779 794 807 848 879 881 883 904 910 915 921 945 955 968 988
541 566 574 599 604 655 679 688 717 743 854 855 889 933 968
542 558 580 583 591 598 609 685 727 795 802 852 873 929 959
543 683 738 928 929 951 961 997
544 560 564 609 612 659 688 731 738 744 793 805 815 843 854 856 877 907 911 995
545 552 564 572 600 610 639 707 726 841 901 908 971
546 574 591 629 655 704 714 737 738 866 872 899 910 928
547 575 588 614 616 651 727 728 733 756 764 785 794 806 851 888 924 998
548 562 601 664 688 696 738 801 923 968 975 981 996
549 560 626 653 680 711 761 769 786 793 851 882 892 904 911 921 977 989
550 567 570 573 577 608 636 647 679 698 709 770 783 814 844 877 892 907 914 928 934 944
551 556 574 575 625 626 637 649 654 671 680 723 724 740 834 841 888 906 907 909 927 974 998 999
552 575 581 587 601 614 635 642 645 690 691 695 706 771 803 812 880 894 915 923 930 951 971 982
553 575 584 598 605 635 677 705 712 737 786 790 811 844 853 906 984 995
554 582 599 626 633 707 733 774 803 822 823 825 859 884 887 894 948 994
555 580 586 587 606 630 651 672 730 736 783 788 789 814 823 851 855 896 918 934 952 968 978 986 999
556 621 683 720 722 745 759 784 817 836 848 884 931 935 947 984
557 573 640 642 663 818 824 826 851 910 925 964 982 986
558 615 645 653 675 733 771 816 838 846 873 905 955
559 565 587 646 655 658 693 697 760 775 787 792 873 944 961 986
560 591 598 600 659 665 673 675 682 721 743 773 774 796 801 833 862 881 889 891 917 948 974
561 637 665 674 689 709 724 796 831 859 874 923 934 942 959 965 970 980 981 986
562 572 611 613 655 662 664 666 691 702 745 753 769 784 833 844 870 887 922 938 976
563 565 578 603 612 666 686 760 772 774 819 820 842 920 952 956 968 971 989
564 565 574 597 623 649 683 691 698 701 723 740 743 760 769 781 787 818 827 831 838 868 870 935 947 956 968 991 993
565 581 598 605 619 628 655 675 710 752 761 782 797 859 862 863 869 871 886 901 915 919 933 970
566 605 695 719 726 729 769 823 856 865 882 889 939 992 997
567 613 621 638 682 690 704 707 745 748 750 752 766 795 832 834 845 851 920 928 945 970 974
568 587 589 590 618 659 719 852 863 873 883 884 895 946 957 967 980 985
569 643 724 729 742 746 749 767 774 812 814 838 847 867 912 929 984
570 587 680 681 723 726 734 749 765 790 805 836 857 858 982
571 607 625 704 736 743 781 796 801 802 824 844 855 875 889 908 918 920 940 945 979
572 591 626 644 657 665 720 740 774 786 795 798 809 837 852 904 908 955 963 989
573 579 598 612 644 650 656 695 702 717 725 820 829 848 864 913 922 953 996
574 602 603 621 626 629 630 637 656 669 688 699 707 770 774 789 847 850 974 986 990 992
575 592 593 614 619 639 681 708 751 828 866 897
576 578 584 591 597 605 616 656 672 679 680 688 725 734 754 785 792 807 846 882 885 917 918 954 964 970 988 991
577 582 586 600 632 655 692 743 786 788 809 819 839 888 890 907 915 925 929 950 966 973 974
578 614 616 628 635 698 713 719 730 812 827 878 931 963 970 983 998
579 580 595 601 613 665 685 728 814 834 865 866 884 895 902 948 957 973
580 591 624 682 687 745 755 777 782 791 809 871 883 885 911 913 950 966 997
581 611 639 681 684 689 690 708 736 779 817 848 913 919
582 610 672 673 708 716 722 782 786 819 854 858 892 931 978 986
583 606 638 648 674 684 716 718 722 729 751 788 792 815 836 838 854 855 891 894 918 948 994
584 588 607 619 655 668 682 697 704 724 728 733 751 815 819 908 943 984
585 593 604 613 622 642 649 671 675 702 712 724 796 811 812 814 816 847 865 881 895 977 978 981
586 592 598 611 648 657 659 672 679 710 714 724 733 738 747 767 794 795 801 835 867 902 905 934 999
587 636 665 678 687 689 704 751 792 802 824 836 855 879 881 924 926 929 950 966 968 973 982
588 590 592 604 611 655 664 701 713 743 786 803 847 875 900 946 953 954
589 607 627 714 719 800 854 945 969
590 643 671 683 689 700 706 760 775 802 835 842 929 945
591 593 598 604 635 719 760 776 781 789 801 825 858 869 886 892
592 593 615 622 696 700 777 837 894 903 904
593 627 656 692 727 765 841 844 851 904 965
594 644 672 682 716 734 748 839 938 992 994
595 604 605 609 621 638 641 648 709 742 750 783 830 871 899 909 911 916 984 991
596 607 623 627 650 668 681 690 717 752 769 787 801 807 837 856 909 924 976
597 726 732 737 767 798 831 853 864 895 897 923 935 947 981
598 636 703 745 885 887 901 924 993
599 600 656 658 675 681 682 725 756 794 812 816 909 936 952 956 958 975
600 841 849 905 935 948
601 648 652 655 672 678 684 749 849 863 864 872 957 979 999
602 626 671 683 708 713 815 836 845 907 936 947 981
603 610 621 628 646 657 692 725 742 770 775 852 903 940 950
604 624 633 636 644 725 750 751 771 818 823 859 959 964 999
605 625 634 660 662 676 689 713 761 764 779 805 809 816 826 832 846 909 938
606 613 635 639 642 652 662 685 690 779 814 818 871 884 961 997
607 612 648 681 685 712 716 741 797 803 808 823 836 838 904 925 998
608 636 655 664 665 674 690 764 786 790 797 810 927 998
609 620 655 671 680 684 692 731 738 798 884 964 965 979 997
610 650 704 710 724 759 769 818 820 839 879 910 948 961 968 998
611 616 628 645 684 691 738 777 825 867 932 999
612 617 621 671 680 688 699 712 763 774 777 792 815 857 865 871 888 937 952 962 966
613 619 623 643 654 672 720 736 783 785 808 829 832 849 853 877 885 913 950 951 956 960 965 989 993 996
614 637 651 659 667 695 699 724 731 751 756 784 786 816 854 858 875 895 902 903 924 933 941 942
615 640 698 755 798 816 828 874 884 897 951 974 985
616 620 697 702 716 724 812 821 836 843 852 905 918 947 956
617 648 652 657 660 756 765 770 772 775 796 834 850 853 949 974 975
618 622 685 694 700 709 739 756 786 801 910 923 933 950 952 978 988
619 636 638 640 659 679 689 695 722 730 769 857 864 887 890 967 993
620 701 707 725 765 870 883 885 916 982 990 998
621 629 663 672 679 707 723 737 743 751 756 788 808 814 838 842 926 939 944 968 969 985 988
622 715 738 750 786 789 815 818 836 842 849 863 945 993
623 641 652 653 665 679 689 730 747 784 788 790 800 802 840 867 877 886 888 942 976 992
624 650 663 674 697 710 711 721 732 762 775 826 828 830 881 955 979 992
625 664 688 696 848 858 867 900 902 932 937 950 959 963 971
626 673 698 732 845 853 951 966 988
627 635 648 661 672 696 711 729 745 766 767 778 811 813 836 848 874 903 929 989
628 636 639 647 649 758 761 779 810 839 842 846 867 908 960 961 992
629 657 659 686 754 828 869 893 895 898 919 941 961 983
630 637 692 738 746 752 791 800 840 852 887 895 911 925 963
631 633 695 700 734 766 773 783 835 838 869 872 875 905 918 945 993
632 656 683 694 807 809 815 853 861 908 972 984 986
633 672 703 726 765 828 835 886 887 889 961
634 637 667 720 763 784 787 789 817 843 920 930 940 964 967 974
635 647 689 713 722 727 748 756 760 767 796 937 944 963
636 656 668 672 674 677 822 836 894 895 930 959
637 638 640 642 712 724 747 776 811 812 856 891 899 926 927 948 951 954 974 988
638 640 692 716 735 736 742 751 769 809 813 829 842 898 902 905 922 949
639 688 706 720 745 759 819 827 846 848 864 900 931 933 982 989
640 645 646 657 673 732 739 771 803 815 833 859 860 862 928 959 993
641 660 685 716 725 751 754 774 787 802 809 811 838 842 886 909 939 991 994
642 661 688 696 706 729 751 752 764 776 777 845 850 859 891 893 903 938 946 947 949 968 999
643 657 662 676 697 705 724 734 772 802 811 828 852 897 913 931 994
644 647 662 709 741 764 768 799 822 904 937 947 949 960
645 660 662 669 679 733 782 809 820 837 849 870 882 903 911 924 926 929 932 958
646 660 700 713 717 729 732 774 822 834 864 866 867 871 931 953 954 980 996
647 664 688 733 735 751 791 816 820 822 854 857 951 956 986 993 998
648 674 677 687 700 715 723 825 828 836 861 882 889 896 926 935 943 957
649 655 690 697 702 756 788 804 806 827 844 850 852 896 899 900 902 998
650 666 720 721 746 768 776 823 874 902 915 921 926 942 962
651 700 711 734 750 762 778 813 814 829 832 901 903 907 913 974 996
652 657 664 694 703 754 758 763 847 865 907 926 975 995
653 669 687 690 737 742 745 749 754 759 767 769 854 884 895 906 922 945 979 993
654 663 679 718 725 730 768 825 844 849 861 888 902 926 960 972 977 991
655 691 706 775 778 780 781 806 819 842 847 874 875 883 915 977
656 719 722 755 788 820 826 847 867 914 948 985
657 675 678 704 710 744 746 815 861 898 953 965 973
658 688 732 782 791 814 835 842 871 913 932 944
659 670 717 740 746 803 864 941 955 969 982 987
660 747 813 815 847 850 853 883 923 975 979 993
661 668 674 682 688 710 722 735 736 809 842 879 914 983 993 998
662 663 716 731 810 812 819 831 843 883 894 914 922 924 977
663 667 668 691 787 800 927 928 996
664 665 667 694 703 755 774 782 797 808 809 818 847 860 879 909 940 975
665 666 692 728 750 751 791 794 807 846 858 872 891 943 953 955 964 978
666 680 684 699 701 709 740 777 800 859 908 909 929 948 965 977
667 681 704 707 732 757 782 792 828 860 935 966
668 707 766 770 795 825 828 896 907 955 961 972 993
669 705 713 719 748 758 764 786 795 796 797 808 813 822 837 841 865 879 941 960 978
670 673 721 746 815 835 861 869 921 951
671 675 681 684 697 735 802 812 818 822 840 844 864 884 891 909 911 939 946 976 999
672 675 697 748 816 822 844 852 854 912 918 953 984 995 996 997 998 999
673 727 734 770 780 787 810 852 871 918 919 920 941 952 985 987
674 709 747 759 766 842 875 888 893 912 948 985
675 710 774 881 898 913 921 968
676 684 709 799 864 867 868 888 893 895 907 915 934 975
677 680 718 753 788 796 849 867 869
678 716 722 723 744 758 786 789 852 893 981
679 705 722 753 758 777 829 838 873 883 938 953 954 990
680 684 695 736 740 760 830 831 857 935 954 976 992
681 691 694 711 756 771 812 814 835 866 897 944 975
682 691 752 769 788 819 839 862 935 965 980 998
683 685 695 709 734 745 751 766 820 829 839 878 909 910 951 986
684 696 751 793 827 847 864 893 919 930 968
685 757 783 796 803 816 844 851 853 918 926 953 995
686 749 812 848 864 902 983 997
687 760 779 782 795 872 873 875 891 941 954 990
688 737 748 823 980
689 707 793 832 833 845 899 923 961 965
690 767 815 822 846 850 868 900 902 925 939 944 971
691 704 728 744 751 767 854 874 882 892 894 929 998
692 693 717 732 760 762 825 834 870 888 905 916 935 981
693 738 792 799 826 830 833 863 871 876 879 885 886 896 948 952 972
694 698 716 811 812 885 904 915 917 938 948 973
695 742 748 752 788 822 833 886 912 934 959 965 981
696 702 706 767 789 797 831 840 842 843 895 922 925 941 965 987 990
697 700 753 768 773 787 800 846 851 873 894 900 909 938
698 724 751 787 788 918 984
699 717 723 730 734 738 743 820 830 835 841 846 848 854 877 882 899 947 976 984
700 725 771 780 784 814 816 833 854 868 882 894 913 918 919 925 978
701 752 767 780 781 828 842 859 867 872 889 908 932 936 970 985
702 723 738 751 771 774 780 797 837 844 865 903 921 953 997
703 714 727 785 801 816 833 885 890 897 969 983
704 792 825 847 864 865 882 946 961 997 998
705 722 755 770 807 854 903 907 940 956 998
706 738 769 823 832 848 887 916 919 924 925
707 715 720 721 736 746 760 776 786 789 813 820 849 859 864 877 879 924 946 962 978
708 796 803 807 831 845 851 858 861 864 877 886 892 910 923 962 969 976
709 717 734 777 806 820 829 846 884 937 964
710 719 760 768 777 859 863 865 869 899 900 913 930 932 934 962 980 982
711 752 774 775 814 815 827 836 883 889 928 937 955 957 979
712 736 772 775 849 893 932 947
713 731 733 738 752 777 783 787 817 830 862 891 896 919 933 964 971 987
714 735 803 817 823 824 848 868 870 908 951 980 994
715 755 784 791 799 803 840 897 906 911 917 921 924 942 951 976 979 985 996
716 720 750 759 760 777 820 840 887 913 946 956 965
717 743 767 841 870 931 932 953 999
718 722 737 815 851 858 867 874 904 954 978 994
719 750 771 793 868 889 966 969
720 801 820 847 888 926 983
721 749 872 874 892 932 958 962 970 976
722 778 780 791 816 820 826 890 897 913 929 942
723 729 790 813 825 837 869 881 885 908 909 919 920 949 973 987
724 798 806 818 896 939 957
725 756 772 773 787 832 892 928 966 976 983
726 732 759 816 826 834 852 854 865 868 920 973 983 993
727 769 796 798 818 849 883 909 919 941 956 978 989 999
728 766 785 844 860 919 965 967
729 733 743 744 765 767 790 843 855 864 880 885 890 908 911 925 939 944
730 806 845 913 926 955 980
731 739 757 764 771 783 791 880 962 986 990
732 734 876 933 967
733 748 750 798 804 812 847 863 869 880 886 902 911 915 925 940 961 962 985
734 748 756 757 758 796 856 868 877 879 910 923 935 940 992
735 783 792 795 814 826 842 867 885 887 893 904 949 960 974 983
736 753 813 832 841 857 865 899 912 913 963 982
737 845 850 900 912 952 971
738 797 822 853 868 896 901 928 996
739 763 809 848 853 978
740 746 763 796 824 839 845 862 864 876 890 918 932 938 950 969
741 745 755 784 812 819 822 873 875 888 917 925 946 948 965 978
742 759 794 832 863 887 890 902 948 974 976
743 751 752 764 784 794 810 867 894 902 934 939
744 757 762 774 779 780 802 807 818 822 829 845 847 903 905 998
745 767 798 815 817 835 854 884 886 890 904 933 972 999
746 797 812 826 840 845 849 864 910 956 963 996
747 793 823 843 869 910 923 927 932 951 976
748 768 769 775 846 851 952 976 982
749 808 829 833 840 874 896 903 910 922 949 959 994
750 799 839 848 857 935 955 999
751 774 777 784 786 795 800 812 864 886 913 937 944
752 773 784 788 856 865 875 886 899 959 960 967
753 818 821 852 853 887 890 911 953 959 964 972 976
754 781 819 822 847 907 960 962 975
755 814 978 984
756 775 782 800 805 821 844 897 901 942 943 953
757 759 796 805 814 863 879 916 921 928 936 939
758 765 807 843 847 857 870 890 924 926
759 865 875 892 972
760 771 775 784 787 818 838 853 864 867 897 911 944 959 987 991 998
761 763 796 866 875 905 926 931 952 995
762 791 816 824 828 836 866 867 900 915 955
763 776 823 859 879 885 907 909 925 935 955 982
764 772 781 787 790 819 822 839 841 852 881 894 916 925
765 777 778 849 858 874 875 878 881 893 940 952
766 804 832 840 841 854 894 953 958
767 775 812 816 844 846 865 977 981
768 781 783 790 832 879 889 918 956 964 988
769 799 855 881 905 909 911 913 961 982
770 777 789 799 816 834 856 929 975
771 831 843 844 859 865 875 881
772 842 852 853 895 923 934 935 962 969 980 988 996 998
773 817 848 856 880 892 902 912 916 989
774 783 815 825 845 902 919 923 995
775 779 824 850 884 892 903 931 956 981
776 792 903 916 931 946 956 992
777 791 841 845 861 883 923 935 942
778 805 810 825 882 890 892 930 996
779 780 791 823 853 858 877 914 954 973
780 800 811 815 841 860 867 879
781 807 817 820 826 842 893 927 993
782 785 790 794 827 838 840 884 933 957 990
783 817 839 860
784 787 818 838 848 849 859 899 929 952 976 981 986
785 808 824 845 912 940 963 975 983
786 792 812 849 858 931 939 942
787 802 804 818 853 855 874 875 887 892 938 965 976 990 991
788 798 820 839 856 864 928
789 839 854 966 974 976 992
790 828 832 870 898 960 968 982 993
791 792 832 837 846 848 852 884 969 999
792 809 859 878 888 896 898 905 973 978
793 853 879 887 888 889 912 923 948 962
794 795 796 813 824 851 857 886 894 895 905 920 962 983
795 802 836 862 865 879 881 898 919 958 995
796 805 828 905 924 930 973 986
797 803 815 825 877 920 964 969 970
798 799 812 928 934
799 852 883 886 891 937 953 954 957 959
800 802 807 863 937 948 973 999
801 807 820 862 912 915 923 960 961 964
802 829 836 878 884 942 961 978 992
803 804 809 821 824 826 845 907 919 956 992
804 821 822 849 881 888 937 940 957 972
805 806 813 879 911 918 956 959 965 981
806 828 848 852 855 905 940 976 977 984
807 818 842 891 911 951 966 984 999
808 841 882 908 981
809 812 828 832 838 867 888
810 814 818 819 827 843 871 877 901 941 946 997
811 812 862 874 886 890 922 960 974
812 829 876 902 907 927 933 965 969
813 841 848 862 898
814 823 898 901 920 953
815 826 887 892 893 900 905 944 983 984 991 992
816 859 860 863 871 883 938 983
817 834 840 920 964 994
818 842 851 859 891 957 987
819 823 830 860 863 873 880 892 896 916 991
820 849 865 875 877 878 914 916 947 952 954
821 833 844 882 961 965 972 996
822 881 900 902 936 951 995
823 838 842 851 900 920 928 953 958 981
824 869 883 907 924 949 990
825 850 861 862 884 907 984 994
826 861 876 880 888 904 918 977
827 847 864 902 905 917 955 981
828 838 879 926 937 962
829 888 895 901 915 939 945 984 992
830 882 916 975 997
831 853 856 941 944
832 846 907 960 967
833 835 842 852 937 945 966 969 982 994
834 882 910 971 980 993 995
835 839 843 853 914 948 987
836 848 865 900 918 932 945 968
837 889 927 973 976 978 981 989
838 900 913 942 953 985 991
839 873 934 945 963 967
840 883 890 891 925 938 967
841 847 852 896 911 944 945 964 972 981 991
842 844 876 892 923 966 975 981 994
843 847 902 910 951 969 988
844 914 940 941 955 992
845 858 863 884 898 929 934 961 990 998
846 896 901 903 905 917 938 950 985
847 909 943 977
848 861 876 883 904 945 948 985
849 852 855 871 946 966 973 979 984 998
850 853 863 903 945 957 989 996
851 857 858 863 878 910 917 988 996
852 870 872
853 966 992
854 880 882 886 906 908 933 957
855 935 942 948 974 991
856 859 906 913 934 936 956
857 866 933 938 949 952 959 986 997
858 890 910 918 983
859 865 894 903 910 914 928 937 940
860 865 867 876 885 927
861 879 886 951 961 974 987 994
862 920 923
863 908 957 960 967 970 977 984
864 865 871 873 886 899 917 924 936
865 882 922 924 972
866 933 935 951 966 980 997
867 902 961 973 976
868 915 941 944
869 879 890 892 895 902 952 985 988 999
870 927 955 956 989
871 884 899 951 967 973 993
872 893 930 937 964 967 972 990
873 897 935
874 877 904 907 925 947 975
875 884 920 935 953 997
876 919 985
877 895 916 925 959
878 912 950 991
879 895 917 924 953 967 982
880 882 906 913 948 949 953 956
881 910 925 944 951 960 962 966
882 886 958 963 967 987 995 996
883 912 951 954 968
884 900 912 919 928 951 969 995 997
885 887 899 967 981 993
886 907 937 939 950 967 971
887 935 940 952 986
888 904 925 951 953 995
889 891 898 916 921 932 982
890 984 990
891 895 897 974 986
892 893 902 985 986
893 895 941
894 916 924 925 927 928 939 984 989
895 901 926 935 964
896 960 994
897 899 901 976 991 998 999
898 951 970 990
899 906 930 949 970 979
900 950 961 975
901 933 944 947 968 986
902 908 914 943 974
903 950 951 955 958 966
904
905 918 959 972
906 966 988
907 928 951 989
908 929
909 929 930 941 948 949 960 961 964 983 994 997
910 915 954 998 999
911 925 926
912 922 994
913 918 971 973 990 995 996
914 932 958 983 990
915 963 982
916 968
917 938 960
918 933 977 989 995 999
919 967 985
920 921 925 967 970
921 949 973 989
922 935 965
923 947 973
924 928 931 960 968 997
925 949 977
926 936 955 964 984 992 998
927 977 978 980
928 932 954 965 983
929 930 981
930
931 948 970 982
932 957 981
933 938 953 981 983 984 997
934 941 955 980 985
935 943 950 951 952 967 970
936 957 964
937 982 989
938 947 992
939 965 968
940 944 970
941 944 989
942 947 987
943 976 991
944 949 981
945 977 983 998
946 966
947 948 970 977 980
948 960 990 998
949 980
950 971 990
951
952 973
953 954 958
954 977 983
955 969 985
956
957 964 981
958 968 971 988
959 990
960 981 995
961
962 972
963 996
964 979 989 990
965
966 988 996
967 999
968 994
969 999
970 986 997
971 982
972 994
973
974 976 990 998 999
975
976 980
977
978 987 994
979
980 994 995
981 982
982
983
984
985
986 991 996
987 997
988
989 993 995
990
991 999
992
993
994
995
996 998
997
998
999
