#./generator.py
# GMT Thu Jan 22 20:08:08 2026
# 
0 1 999 2 998 3 997 4 996 5 995 6 994 7 993 8 992 9 991 10 990 11 989 12 13 987 14 986 15 985 16 984 17 983 18 982 19 981 20 980 380 557 162
1 2 3 999 4 998 5 997 6 996 7 995 994 9 993 10 992 11 991 12 990 13 989 988 15 987 16 986 17 985 18 984 19 983 20 982 21 158 175 258
2 3 4 5 6 998 7 997 8 996 9 995 10 994 11 993 12 992 13 991 14 990 15 989 16 988 17 987 18 986 19 985 20 984 21 983 22 982
3 5 6 7 999 8 9 10 996 11 995 12 994 13 993 992 991 16 990 17 989 18 988 19 987 20 986 21 985 22 984 23 983 548 415 688
4 6 7 8 9 999 10 998 11 12 996 13 14 994 15 993 16 992 17 991 18 990 19 989 20 988 21 987 22 986 23 985 24 984 780
5 6 7 8 9 10 11 999 12 998 13 997 14 996 15 995 16 994 17 993 18 992 19 991 20 990 21 989 22 988 23 987 986 25 985 35 919
6 7 8 9 10 11 12 13 999 14 998 15 997 16 996 17 18 994 19 993 20 992 21 991 22 990 989 24 988 25 987 986 598 561 901
7 8 9 10 11 13 14 15 999 16 998 17 997 18 996 19 995 20 994 21 993 22 992 23 991 24 990 25 989 26 27 987 852 911
8 9 10 11 12 14 15 16 17 999 18 998 19 997 20 996 21 995 22 994 23 993 24 992 25 991 26 990 27 989 28 988 707 656 954
9 10 11 12 13 14 16 17 18 19 999 998 21 997 22 996 23 995 24 994 25 993 26 992 27 991 28 990 29 989 666 823 587
10 11 12 13 14 15 16 17 18 19 20 21 999 22 998 23 997 24 996 25 995 26 994 27 993 28 992 29 991 30 990 593 979
11 12 13 14 15 17 18 19 20 21 22 23 999 24 998 25 997 26 996 27 995 28 994 29 993 30 992 31 991 90
12 13 14 15 16 17 18 19 20 21 22 23 24 25 999 26 998 27 997 28 996 29 995 30 994 31 32 992 431
13 14 15 16 17 18 19 20 21 22 23 24 26 27 999 28 998 29 997 30 996 31 995 32 994 33 993 437
14 15 16 17 18 19 20 21 22 23 24 25 26 27 28 29 999 30 998 31 997 32 996 33 995 34 994 133 857
15 16 17 18 19 20 21 22 23 24 25 26 27 29 30 31 32 998 33 997 34 996 35 995 210 830
16 17 18 19 20 22 23 24 25 26 27 28 29 30 31 32 999 34 998 35 997 104 578 765 923
17 18 19 20 21 22 23 24 25 26 27 28 29 30 31 32 33 35 999 36 998 37 997 645
18 19 20 21 22 24 25 27 28 29 30 31 32 33 34 35 36 37 999 38 998 578 155
19 20 21 22 23 25 26 27 29 31 32 33 34 35 36 37 38 39 999 943 673 74 656 391
20 21 22 23 24 25 26 27 28 29 30 31 32 33 34 35 36 37 38 39 40 567 418
21 22 23 24 25 26 27 28 29 30 31 32 33 34 35 36 37 38 39 40 652 310
22 23 24 25 27 28 29 30 31 32 33 36 37 38 39 40 41 42 518 667 789 50
23 24 25 26 27 28 29 30 31 32 33 35 36 37 39 40 42 43 530 228 651 98 903
24 25 26 27 28 29 30 31 32 33 34 35 36 37 38 39 40 41 42 43 44 630 600
25 26 27 28 29 30 31 32 33 34 35 36 37 38 39 40 41 42 43 44 45
26 27 28 29 30 31 32 33 34 35 36 37 38 39 40 41 42 43 44 45 46 548
27 28 29 30 31 32 34 35 36 37 38 39 40 41 42 43 44 45 46 47 88
28 29 30 31 33 34 35 36 37 38 39 40 41 42 43 44 45 46 47 48 503 530 734 840 284
29 30 31 32 33 34 35 37 38 40 41 42 43 44 45 46 47 48 49 618 354 557
30 31 32 34 35 36 38 39 40 41 43 44 45 46 47 48 49 50 236 367 761 606 192
31 32 33 34 35 36 37 38 39 40 41 42 43 44 45 46 47 48 49 50 51
32 33 34 35 36 37 38 39 40 41 42 43 44 45 46 47 48 49 50 51 810 827
33 34 35 36 37 38 40 41 42 43 44 45 46 47 48 49 50 51 52 53 201
34 35 36 37 38 39 40 41 42 43 44 45 46 47 48 49 50 51 52 54 801 398 571
35 37 38 39 41 42 43 44 45 46 47 48 49 50 51 53 54 55 529 866
36 37 38 39 40 42 43 44 45 46 47 48 49 50 51 52 53 54 55 56 928 648 385 946
37 38 39 40 41 42 43 44 45 46 47 48 49 50 51 52 53 54 55 56 57 102 333 882 773
38 39 40 41 42 43 44 45 46 47 48 49 50 51 52 53 54 55 57 58 816 595
39 40 41 42 43 44 45 46 47 48 49 50 51 52 53 54 55 56 57 58 59
40 41 42 43 44 45 46 47 48 50 51 52 53 54 55 56 57 58 59 60 958
41 42 43 44 45 46 47 48 49 50 51 52 53 54 55 56 58 59 60 61 368
42 43 44 45 46 47 48 49 50 51 52 54 55 56 57 58 59 60 61 62 296 244 229
43 44 45 46 47 48 49 50 51 52 53 54 55 56 57 58 59 60 61 62 63 259 134
44 45 46 47 48 49 50 51 52 53 54 55 56 57 58 59 60 61 62 63 64 496
45 46 47 48 49 50 51 53 54 55 56 57 58 59 60 61 62 63 64 65 82
46 47 48 49 50 51 52 53 54 55 56 57 58 59 60 61 62 63 64 65 66 418 715
47 50 51 52 53 54 55 56 57 59 60 61 62 63 64 65 66 67 239 760 384 797 563
48 49 50 51 52 53 54 55 56 57 59 60 62 63 64 65 66 67 68 315 327
49 50 51 52 53 54 55 56 57 58 59 60 61 62 64 65 66 67 68 69 116 708 292
50 51 52 53 54 55 56 57 59 60 61 62 63 65 66 67 68 69 70 903 472 190
51 52 53 54 55 56 58 59 60 61 62 63 64 65 66 67 68 69 70 71 231 512
52 53 54 55 56 57 58 59 60 61 62 63 65 66 67 68 70 71 85 474 648 186
53 54 55 56 57 58 59 60 61 62 63 64 65 66 67 69 70 71 72 73 308 787 142
54 55 56 57 58 59 60 61 62 63 64 65 66 67 68 69 70 71 72 73 74 790 993 486
55 56 58 59 61 62 63 64 65 66 67 68 69 70 71 72 73 74 75 761 141
56 57 58 59 60 61 62 63 64 65 66 67 68 69 70 71 72 73 74 75 76 747
57 58 59 61 62 63 64 65 66 67 68 69 70 71 72 74 75 76 77 526 456
58 59 60 61 62 63 65 66 67 68 69 70 71 72 73 74 75 76 78 618 599 833
59 60 61 62 63 64 65 66 68 69 70 71 73 74 75 76 77 78 79 440 424 767 296
60 61 62 63 64 65 66 67 68 69 70 71 72 73 74 75 76 78 79 80 337 178
61 62 63 64 65 66 67 68 69 70 71 72 74 75 76 77 78 79 80 81 924 804
62 63 64 65 66 67 68 69 70 71 72 73 74 75 76 77 78 79 80 82 176 293
63 64 65 66 67 68 69 70 71 72 73 74 75 76 77 78 79 80 81 82 83
64 65 66 67 68 69 70 71 72 73 74 75 76 77 78 80 81 82 83 84 786 353 202 293
65 66 67 68 69 70 71 72 73 74 75 76 77 78 79 80 81 82 83 84 85
66 67 68 70 71 72 73 74 75 76 77 78 79 80 81 82 83 84 85 86 637
67 68 69 70 71 72 73 74 75 76 77 78 79 80 81 82 83 84 85 86 87 847 111
68 69 70 71 72 73 74 75 76 77 78 79 80 81 82 83 84 85 86 87 88
69 70 71 72 73 74 75 76 77 78 79 80 81 82 83 84 85 86 88 89 511
70 71 72 74 75 76 78 79 80 81 82 83 84 85 86 87 88 89 90 817 237 220 712
71 72 73 75 76 78 79 80 81 82 83 84 85 86 87 88 89 90 91 526 703 482 663
72 73 74 75 76 77 78 79 80 81 82 83 84 85 86 87 88 89 90 91 92
73 74 75 76 77 78 79 80 81 82 83 84 85 86 87 88 89 90 91 92 93 498
74 75 76 77 78 79 80 81 82 83 84 86 87 88 89 90 91 92 93 94 318 794 923
75 76 77 78 79 80 81 82 84 85 87 88 89 90 92 93 94 95 928 158 981 734
76 77 78 79 80 81 82 84 85 86 88 89 90 91 92 93 94 95 96 219 748
77 78 79 80 81 82 83 84 85 86 87 88 89 90 91 92 93 94 95 96 97 368 437
78 80 81 82 83 84 85 86 87 89 90 92 93 94 95 96 97 98 579 304 733
79 80 81 82 83 84 85 86 87 88 89 90 91 92 93 94 96 97 98 99 798
80 81 82 83 84 85 86 87 88 89 90 91 92 93 95 96 97 98 99 100 983 123 996
81 82 83 84 85 86 87 88 89 90 91 92 93 94 95 96 98 99 100 101 754 391
82 84 85 86 87 88 89 90 91 92 93 94 95 96 97 98 99 100 101 102 558 929
83 84 85 86 87 88 89 91 92 93 94 95 96 97 98 99 100 101 102 103 969 268
84 85 86 87 88 89 90 91 92 93 94 95 96 97 98 99 100 101 102 103 104
85 86 87 89 90 91 92 93 94 95 96 97 98 99 100 101 102 103 104 105 791 581
86 87 88 89 90 91 92 93 94 95 96 97 98 99 100 101 102 103 104 105 106 384
87 88 89 90 91 92 93 94 95 96 97 98 99 100 101 102 103 104 105 106 107
88 89 90 91 92 93 94 96 97 98 99 100 102 103 104 105 106 107 108 629 964
89 90 91 92 94 95 96 97 98 99 100 101 102 103 104 106 107 108 109 691 628 877
90 91 92 93 94 95 96 97 98 99 100 101 102 103 104 105 106 107 108 109 110
91 92 93 94 95 96 97 98 99 100 101 102 103 104 105 106 107 108 109 110 111
92 93 94 95 96 97 98 99 100 101 103 104 105 106 107 108 109 110 111 112 936
93 94 95 96 97 98 99 100 101 102 103 104 105 106 107 108 110 111 112 113 760 874 347
94 95 96 97 98 99 100 101 102 103 104 105 106 107 108 109 110 111 112 113 114 896
95 96 97 98 99 100 101 102 103 104 105 106 107 108 109 110 111 112 113 114 137
96 97 98 99 100 101 102 103 104 105 106 107 108 109 111 112 113 114 115 136 372
97 98 99 100 101 102 103 104 105 106 107 108 109 110 111 112 113 114 115 116 228 690 934 735
98 99 100 101 102 103 104 105 106 107 108 109 111 112 113 114 115 116 117 118 716 586
99 100 101 102 103 105 106 107 108 109 111 112 113 114 115 116 117 118 119 240 803
100 101 102 103 104 105 106 107 108 109 110 111 112 113 114 115 116 117 118 119 120
101 102 103 104 105 106 107 108 109 111 112 113 114 115 116 117 118 119 120 121 770 551
102 103 104 105 106 107 108 109 110 111 113 114 115 116 117 118 119 120 121 122 812
103 104 105 106 107 108 109 110 111 112 113 114 115 116 117 118 119 120 121 122 123
104 105 106 107 108 109 110 111 112 113 114 115 116 117 118 119 120 121 122 123 124 999
105 106 107 108 110 111 112 113 114 115 116 117 118 119 120 121 122 123 124 125 428 354
106 107 108 109 110 111 112 113 114 116 117 118 119 121 122 123 124 125 126 202 910 617
107 108 109 110 111 112 113 114 115 116 117 118 119 120 121 122 124 125 126 127 134 667
108 109 110 111 112 113 114 115 116 117 118 119 120 121 122 123 124 126 127 596 475 280
109 110 111 112 113 114 115 116 117 118 119 121 122 123 124 126 127 128 129 213 267 216
110 111 112 113 114 115 116 117 118 119 120 121 122 123 124 125 126 127 128 129 130
111 112 113 114 115 116 117 118 119 120 121 122 123 124 125 126 127 129 131 500
112 113 114 115 116 117 118 120 121 122 123 124 125 127 129 130 131 132 475 822 230 383
113 114 115 116 117 118 119 120 121 122 123 124 125 126 127 128 129 130 131 132 133 757
114 115 116 118 119 120 121 122 123 124 125 126 128 129 130 131 132 133 727 209 628 735 368
115 116 117 118 119 121 122 125 126 127 128 129 130 131 132 133 134 855 227 839 658 587
116 117 118 119 120 121 122 123 125 126 127 129 130 131 132 133 134 135 136 817 659
117 118 119 120 121 122 123 124 125 126 127 128 129 130 131 132 133 134 135 136 137 591 996
118 119 120 121 122 123 124 125 126 128 129 130 131 132 133 134 135 136 137 138 381 328 592 801
119 120 121 122 123 124 125 126 127 128 129 130 131 132 133 134 135 136 137 138 139 906
120 121 122 123 124 125 126 127 128 129 130 131 132 133 134 135 136 137 138 139 140
121 122 123 124 125 126 127 128 129 130 131 133 134 135 136 138 139 140 141 915 882 521
122 124 125 126 127 128 130 132 133 134 135 136 137 138 139 140 141 142 571 244 519 406
123 124 125 126 127 128 129 130 131 132 133 134 135 137 138 139 140 142 143 998 967
124 126 127 128 129 130 131 132 133 134 135 136 137 138 139 140 141 142 143 144 634 379
125 126 127 128 129 130 131 132 133 134 135 136 137 138 139 140 141 142 143 144 145
126 127 128 129 130 131 132 133 134 135 136 137 138 139 140 141 142 143 144 145 146
127 128 129 130 131 132 133 134 135 136 137 138 139 140 141 142 144 146 147 420 824
128 129 130 131 132 133 135 136 137 138 140 141 142 143 144 145 146 147 148 863 695 501
129 131 132 133 134 135 136 137 138 139 140 141 142 143 144 145 146 147 148 149 365 942 274
130 131 132 134 135 136 137 138 139 140 141 142 143 144 146 147 148 149 150 972 381
131 132 133 134 135 136 138 139 140 141 142 143 144 145 146 147 148 151 702 981 278 472 842 370
132 133 135 136 137 138 139 140 141 142 144 145 146 147 148 149 150 151 152 676 519
133 134 135 136 137 138 139 140 141 142 143 144 145 147 148 149 150 151 152 153
134 135 136 137 138 139 140 141 142 143 144 145 146 147 148 149 151 152 519 627
135 136 137 138 139 140 141 142 143 144 146 147 148 149 150 151 152 153 154 155 332 253
136 137 138 139 140 141 142 143 144 145 146 147 148 149 151 152 153 154 155 156 398 250
137 138 139 140 142 143 144 145 146 147 149 150 151 152 153 154 155 156 408 982 434 629
138 139 140 141 142 143 144 146 147 148 149 150 151 152 153 154 155 156 157 158 655
139 140 141 142 143 144 145 146 147 148 149 150 151 152 153 154 155 156 157 158 159 454
140 141 143 144 145 146 147 149 150 151 152 153 154 155 156 157 158 159 160 480 234 473 973
141 142 143 144 145 146 147 148 149 151 152 153 154 155 156 157 158 159 160 161 384 550
142 143 144 145 146 147 148 149 150 152 153 154 155 156 157 158 159 161 162 879
143 144 145 146 147 148 149 150 151 152 153 154 155 156 157 158 159 160 162 163 479
144 145 146 147 148 149 150 151 152 153 154 155 156 157 158 159 160 161 162 163 164 312
145 146 147 148 149 150 151 152 153 154 155 156 157 158 159 160 161 162 164 165 667
146 147 148 149 150 151 152 153 154 155 157 158 159 160 161 162 163 164 165 166 255 836 313 942
147 149 150 151 152 153 154 155 156 157 158 159 160 161 162 163 164 165 166 167 287 741
148 149 150 151 152 153 154 155 156 157 158 159 160 161 162 163 164 165 166 167 168 223 983 674 861
149 150 152 154 155 156 157 158 159 161 162 163 164 165 166 167 168 169 360 958 429 665
150 151 152 153 154 155 156 157 158 160 161 162 163 164 165 166 167 168 169 170 645 460
151 152 153 154 155 156 157 158 159 160 161 163 164 165 166 167 168 169 170 171 834
152 153 154 155 156 157 159 160 161 162 163 164 165 166 167 168 170 171 172 377 254 692 585
153 154 155 156 157 158 159 160 161 162 163 164 165 166 167 168 169 170 171 172 173 394
154 155 156 157 158 159 160 161 162 163 164 165 166 167 168 169 170 171 172 173 174
155 156 157 158 159 160 161 162 163 164 165 166 167 168 169 170 171 172 173 174 175 241
156 157 158 159 161 162 163 164 166 168 169 170 171 172 173 174 175 176 856 579 568 362
157 158 159 160 161 162 163 164 165 166 167 168 169 170 171 172 173 174 175 176 177 445
158 159 160 162 163 164 167 168 169 170 171 172 173 174 175 176 177 178 213 856 907 586 220
159 160 161 164 165 166 167 168 169 170 171 172 173 174 175 176 177 178 179 391 387 795 432 981
160 161 162 163 164 165 166 167 168 169 170 171 172 173 174 175 176 177 178 179 180
161 162 163 165 166 167 168 169 170 171 172 173 174 175 176 177 178 179 180 181 518 843
162 163 164 165 166 167 168 169 170 171 172 173 174 175 176 177 178 179 180 182
163 164 165 166 167 168 169 170 171 172 173 174 175 176 177 178 179 180 181 182 183 772 693
164 165 166 167 168 169 170 172 173 174 175 176 177 179 180 181 182 183 184 286 363
165 166 167 168 169 170 171 174 175 176 177 178 179 180 181 182 183 184 185 431 613 497
166 167 168 169 170 171 172 173 174 175 176 177 178 180 181 182 183 185 186 955 240 442 508 316
167 169 170 171 172 173 174 175 176 177 178 179 180 181 182 183 184 185 186 187 654 292 563
168 169 170 172 173 174 175 176 177 178 179 180 181 182 183 184 185 187 188 558 479 793
169 170 171 172 173 174 175 176 178 179 180 181 182 183 184 185 186 187 188 189 550
170 171 172 173 174 175 178 179 180 181 182 183 184 185 186 187 188 189 190 974 570 822 592 524 814
171 172 173 174 175 176 177 178 179 180 181 182 183 184 185 186 187 188 189 191 559 450
172 174 175 176 177 178 179 180 181 182 183 184 185 186 187 188 189 190 192 272 955 204 885
173 174 175 176 177 179 180 181 182 183 184 185 186 187 188 189 190 191 192 193 588 448 208
174 175 177 178 180 181 182 183 184 185 186 187 188 189 190 191 192 193 194 727 416
175 176 177 178 179 180 181 182 183 184 185 186 187 188 189 190 191 192 193 194 195
176 177 178 179 180 181 182 183 184 185 186 187 188 189 191 192 193 195 196 912 378
177 178 179 180 181 182 183 184 185 186 187 188 189 190 191 192 193 194 195 196 197 972 637
178 179 180 181 182 183 184 185 186 187 188 189 190 191 192 194 195 196 197 198 295 266
179 180 181 182 183 184 185 186 187 188 189 190 191 193 194 195 196 197 199 805 377
180 181 182 183 184 185 186 187 188 189 190 191 192 193 194 195 196 197 198 199 200
181 182 183 184 185 186 187 188 189 190 191 192 193 194 196 197 198 199 200 201 609 537
182 183 184 185 186 187 188 189 190 191 192 193 194 195 197 198 199 201 202 929 496 567 690
183 184 185 186 187 188 189 190 191 192 193 194 195 196 197 198 199 201 202 203 805 730 902
184 185 186 187 188 189 190 191 192 193 194 196 197 198 199 200 201 202 203 204 828 249
185 186 187 188 189 190 191 192 193 194 195 196 197 198 199 201 202 203 204 205 370 345
186 187 189 190 191 192 193 194 195 196 197 198 199 200 202 203 204 205 206 867 402
187 188 189 190 191 192 193 194 195 196 197 198 199 200 201 202 203 204 205 206 207 648
188 189 190 191 192 194 195 196 197 198 199 200 201 202 203 204 205 206 207 208 650
189 190 191 192 193 194 195 196 197 198 199 200 201 202 203 204 205 206 207 208 209 618
190 192 193 194 195 196 197 198 199 200 201 202 203 204 205 206 207 208 209 210 707 982 443
191 192 193 194 195 196 197 198 199 200 201 202 203 204 205 206 207 208 209 210 211 959
192 193 195 196 197 198 199 200 201 202 203 204 205 206 207 208 209 210 211 335 231
193 194 195 196 197 198 199 200 201 202 203 204 205 206 207 208 209 210 211 212 213 443 530 238 762
194 196 197 198 199 200 201 202 203 204 205 206 207 208 210 211 212 213 214 245 804 663
195 196 197 198 199 201 202 203 204 205 206 207 208 209 210 211 212 213 214 215 285 497
196 197 198 199 200 201 202 203 204 205 206 207 208 209 210 211 212 213 214 215 216 938
197 198 199 200 201 202 204 205 206 208 209 211 212 213 215 216 217 411 238 458 625
198 199 200 201 202 203 204 205 206 207 208 209 210 211 212 213 214 215 216 217 218
199 201 202 203 204 205 206 207 208 209 210 211 212 213 214 215 216 218 219 868 226
200 201 202 203 204 205 206 207 208 209 210 211 212 213 214 215 216 217 219 220 387 337 913 249
201 202 203 204 205 206 207 208 209 210 211 212 213 214 215 216 217 218 219 220 221
202 203 204 205 206 208 209 210 211 212 213 214 215 216 217 218 219 220 221 222 496 530
203 204 205 206 207 208 209 210 211 212 213 214 215 216 217 218 219 220 221 222 223 681 419
204 205 206 207 208 209 210 211 212 213 214 215 216 217 218 219 221 222 223 224
205 206 207 208 209 210 211 212 213 214 215 216 217 218 219 220 221 222 223 224 225
206 207 208 209 210 211 212 213 214 215 216 217 218 219 220 221 222 223 224 225 226
207 208 209 210 211 212 213 214 215 216 217 218 219 220 221 222 223 224 225 226 227 557 674
208 209 210 211 212 213 214 215 216 217 218 220 222 223 224 225 226 228 611 287 376
209 210 211 212 214 215 216 217 218 219 220 221 222 223 224 225 226 227 228 229 350 401
210 211 212 213 215 216 217 218 219 220 221 222 223 224 225 226 227 228 229 230 541
211 212 213 214 215 216 217 218 220 221 222 223 225 226 227 228 229 230 231 403 700 790
212 213 214 215 216 217 219 220 221 222 223 224 225 226 227 228 229 230 231 232 938
213 214 215 216 217 218 219 220 221 222 223 224 225 226 227 228 229 230 231 233 785
214 216 217 218 219 220 221 222 223 224 225 226 227 228 229 230 231 232 233 528 935
215 216 217 218 219 220 221 222 223 224 225 227 228 229 230 231 232 233 234 235 549 406
216 218 220 221 222 223 224 225 226 227 228 229 230 231 232 233 234 235 398 947 503
217 218 219 220 222 223 224 225 226 227 228 229 230 231 232 233 234 235 236 237 500 460
218 219 220 221 222 223 224 225 226 227 228 229 230 231 232 233 234 235 236 237 951
219 220 221 222 223 224 225 226 227 228 229 230 231 232 233 234 235 236 237 238 239 350 964 835
220 221 222 223 224 225 226 228 229 230 231 232 233 234 235 236 238 239 240 833
221 222 223 224 225 226 227 228 229 231 232 233 234 235 236 237 238 239 240 241 807 527
222 223 224 225 226 227 228 229 230 231 232 233 234 235 236 237 238 239 240 241 242
223 225 226 227 228 229 230 231 232 233 234 235 237 238 239 240 241 242 243 880 301 664
224 225 226 227 228 229 230 232 233 236 237 238 239 240 241 242 243 244 400 839 931 639
225 226 228 229 230 231 232 233 234 235 236 237 238 239 240 241 242 243 244 245 291 347
226 227 228 229 230 231 232 233 234 235 236 237 238 239 240 241 242 243 244 245 246
227 228 229 230 231 232 233 234 236 237 238 239 240 241 242 244 245 246 247 546 267
228 229 230 231 232 233 234 235 236 237 240 241 242 243 244 245 247 248 734
229 230 231 232 233 234 235 236 237 238 239 240 241 242 243 246 247 248 249 736
230 231 232 233 234 235 236 237 239 241 242 243 245 246 247 248 249 250 268 537 441
231 232 234 235 236 237 238 239 240 242 243 244 245 246 247 248 249 250 251
232 233 234 235 236 237 238 239 240 241 242 243 244 245 246 247 249 250 251 252 346
233 234 236 237 238 239 240 241 242 243 244 245 246 247 248 249 250 251 252 253 363
234 235 236 237 238 240 241 242 243 244 245 246 247 248 249 250 251 252 253 254 989 592
235 236 237 238 239 240 241 242 244 245 246 247 248 249 250 251 252 253 254 255 996 541 343 534
236 237 238 239 240 241 242 243 244 245 246 247 248 249 250 251 252 253 254 255 256
237 238 239 240 241 243 244 245 246 247 248 249 250 251 252 253 254 255 256 257 401
238 239 240 241 242 243 244 245 246 247 248 250 251 252 253 255 256 257 258 437
239 240 241 242 243 244 245 246 247 248 249 250 251 252 253 254 255 256 257 258 259
240 241 242 243 245 246 247 248 251 252 253 254 255 256 257 258 259 260 927 428 282
241 242 244 245 246 247 248 249 250 251 252 253 254 255 256 257 258 259 260 261
242 243 244 245 246 247 248 249 250 251 252 253 254 255 257 258 259 260 261 262 916
243 244 245 246 247 248 249 250 251 252 253 254 255 256 257 258 259 260 261 262 263 633
244 245 246 247 248 249 251 252 253 254 256 257 258 259 261 262 263 264 613 776 430
245 246 247 248 249 250 251 252 253 255 256 257 258 260 261 262 263 264 265 599 301
246 247 248 249 250 251 252 253 254 255 256 257 258 259 260 261 262 263 264 265 266 978
247 248 249 250 251 252 253 254 255 256 257 258 259 260 261 262 263 264 265 266 267 328
248 249 250 251 252 253 254 255 256 257 258 259 260 261 262 263 264 265 266 267 268 532
249 250 251 252 253 254 255 256 257 258 259 260 261 262 263 264 265 266 267 268 269 733 499
250 251 252 253 254 255 256 257 258 259 260 261 262 263 264 265 266 267 268 269 270 629
251 252 253 254 255 257 258 259 260 261 262 263 264 265 266 267 268 269 270 271 980
252 253 254 255 256 257 258 259 260 261 262 263 264 265 266 267 268 269 270 271 272
253 254 255 257 258 259 260 262 263 264 266 267 268 269 270 271 272 273 434 701
254 255 256 257 258 259 260 261 262 263 264 265 266 267 268 269 270 271 272 273 274
255 256 257 258 259 260 262 263 264 265 266 267 268 269 270 271 272 273 274 275
256 257 258 259 260 261 262 263 264 266 267 268 269 270 271 272 274 275 276 634 875
257 258 259 260 261 262 263 264 265 266 267 268 269 270 271 272 273 274 275 276 277
258 259 260 261 262 263 264 265 267 268 269 270 271 272 274 275 276 277 278 895 818
259 260 261 262 263 264 265 267 269 270 271 273 274 275 276 277 278 279 600 327 355 391 709
260 261 262 263 264 265 266 267 268 269 270 271 272 273 274 275 276 277 278 279 280
261 262 263 264 265 266 267 268 269 270 272 273 274 275 276 277 278 279 280 281 909 612 808
262 263 264 265 266 267 268 269 270 271 272 273 274 275 276 277 278 279 280 281 282
263 264 265 266 267 268 269 270 271 272 273 274 275 276 277 278 279 280 281 282 374 369
264 265 266 267 268 269 270 271 272 273 274 275 276 277 278 279 280 281 282 283 284
265 266 267 268 269 270 271 272 273 274 275 276 277 279 280 281 282 283 284 285 667
266 267 268 269 270 271 272 273 274 275 276 277 278 279 280 281 283 284 285 286 545 936 356
267 268 269 270 271 272 273 274 275 276 277 278 279 280 281 282 283 284 285 286 287 632
268 269 270 271 272 273 274 275 276 277 278 279 280 281 282 283 284 285 288 391 999 368
269 270 272 273 274 276 277 278 279 280 281 282 283 284 286 287 288 289 557 792 856
270 271 272 273 274 275 276 277 278 279 280 281 282 284 285 286 287 288 289 290 869 428
271 272 273 274 275 276 277 278 279 280 281 282 283 284 285 286 287 288 289 290 291 571
272 273 274 275 276 277 278 279 280 281 282 283 284 285 286 287 288 289 290 291 292 886 831 818
273 274 275 276 277 278 279 280 281 282 283 284 285 286 287 288 289 290 291 292 293
274 275 276 277 278 279 280 281 282 283 284 285 286 287 288 289 290 291 293 294 966
275 276 277 278 279 280 281 282 284 285 286 287 288 289 290 291 292 293 294 295 503 376
276 277 278 279 280 281 282 283 285 286 287 288 289 290 291 292 293 294 295 296 407 794 823
277 278 279 280 281 282 283 284 285 286 287 288 289 290 291 292 293 294 295 296 297 694
278 279 280 281 282 283 284 285 286 287 288 289 290 291 292 293 294 295 296 297 298 784
279 280 281 282 283 284 285 286 287 288 289 290 291 292 293 294 295 296 298 299 344 734
280 281 282 283 284 285 286 287 288 289 290 291 292 293 294 295 296 297 298 300 377 904
281 282 283 285 286 287 288 289 290 291 292 294 295 296 297 298 300 791 671 542 486 981
282 283 284 286 287 288 289 290 291 292 294 295 296 297 298 299 300 301 302 899
283 284 285 286 287 288 289 290 292 293 294 295 296 297 298 299 300 301 302 303 925
284 285 286 287 288 289 290 291 292 293 294 295 296 297 299 300 301 302 303 516 925 395
285 286 287 289 290 291 292 293 294 295 296 297 298 299 300 301 302 303 304 305 793 657
286 287 288 289 290 291 292 293 294 295 296 297 298 299 301 302 303 304 305 306 797 443
287 288 289 290 291 292 293 294 295 296 297 298 299 300 301 302 303 304 305 306 307 714 807
288 289 290 291 292 293 294 295 296 297 298 299 300 301 302 303 304 305 306 307 367
289 290 291 292 293 294 295 297 298 299 300 301 302 303 304 305 306 307 308 309 970
290 291 292 293 294 295 296 297 298 299 300 301 302 303 304 305 306 307 308 309 310
291 292 293 294 295 296 297 298 299 300 301 302 303 304 305 307 308 309 310 543 464
292 293 294 295 296 298 299 300 301 302 303 304 305 306 307 309 310 311 312 414
293 294 295 296 297 298 299 300 301 302 303 304 305 306 307 308 309 310 312 313 413
294 295 296 297 298 299 300 301 302 303 304 305 306 308 309 310 311 312 313 314 862 937 967
295 296 297 298 299 300 301 302 303 304 305 306 307 308 309 310 311 312 313 314 315 672
296 297 298 299 300 301 302 304 305 306 307 308 309 310 311 312 313 314 315 316
297 298 299 300 301 302 303 304 305 306 307 308 309 310 311 312 313 314 315 316 636 423
298 299 300 301 302 303 304 305 306 307 308 310 311 312 313 314 315 316 317 318 576 681
299 300 301 302 303 304 305 306 307 308 309 310 311 312 313 314 315 316 317 319 726
300 301 302 303 304 305 306 307 308 309 310 311 312 313 314 315 316 317 318 319 320
301 302 303 304 305 306 307 308 309 310 311 312 313 314 315 316 317 318 320 321 633
302 303 304 305 306 307 308 309 310 311 312 313 314 315 316 317 318 319 321 322 519
303 304 306 307 308 309 310 311 312 313 314 315 316 317 318 319 320 322 323 415 965
304 305 306 307 308 309 310 311 312 313 314 315 316 317 318 319 320 321 323 324 895 877 991
305 306 307 308 309 310 311 312 313 314 315 316 317 318 319 320 322 323 324 325 362
306 307 308 309 310 311 312 313 314 315 316 317 318 319 320 321 322 323 324 325 326
307 308 309 310 311 312 313 314 315 316 317 319 320 321 322 323 324 325 326 327 397 773 732 918
308 309 310 311 312 313 314 315 316 318 319 320 321 322 323 324 325 326 327 328 537
309 310 311 312 313 314 315 317 318 320 321 322 323 324 325 326 327 328 329 812 655
310 311 312 313 314 315 316 317 318 319 320 321 322 323 325 326 327 328 329 330 561 852 870
311 312 313 314 315 316 317 318 319 320 321 322 323 324 325 326 327 328 329 330 331 333
312 313 314 315 316 317 318 319 320 321 322 323 324 325 327 328 329 330 331 332
313 314 315 316 317 318 319 320 322 323 324 325 326 328 329 330 331 332 333 717 710
314 315 316 317 318 319 320 321 322 323 324 325 326 327 328 329 330 331 332 333 334
315 316 317 318 319 320 321 322 323 324 325 326 327 328 329 330 331 332 333 334 335 832 710
316 317 318 319 320 321 322 323 325 326 327 328 329 330 331 332 334 335 336 597 652 432
317 318 319 321 322 323 324 325 326 327 328 329 330 331 332 334 335 336 337 817 928 865 654 807
318 319 321 322 323 324 326 327 328 329 330 331 332 333 334 335 336 337 338 736 665
319 320 321 322 323 324 325 326 327 328 329 330 331 332 333 334 335 336 337 338 339
320 321 322 323 324 325 326 327 328 329 330 331 332 333 334 335 336 337 338 339 340 996
321 322 323 324 325 326 327 328 329 330 331 332 333 334 335 336 337 338 339 340 341
322 323 324 325 326 327 328 329 330 331 332 333 334 335 336 337 338 339 340 342 670
323 324 325 326 327 328 329 330 331 332 333 334 335 336 337 338 339 340 341 342 343 584
324 325 326 327 328 329 331 332 333 334 335 336 337 338 340 341 342 343 344 845 902
325 326 327 328 329 330 331 332 333 334 335 336 337 338 339 340 341 342 343 344 345
326 327 328 331 332 333 337 338 339 340 341 342 343 344 345 346 601 767 881 926 641 406
327 328 329 330 331 332 333 334 335 336 337 339 340 341 342 343 344 345 346 347 910
328 329 330 331 333 335 336 337 338 339 340 342 343 344 345 346 347 348 639 594 596
329 330 331 332 333 334 335 336 337 338 339 340 341 342 343 344 345 346 347 348 349 704 801 524
330 331 332 333 334 335 337 338 339 340 341 342 343 344 345 347 348 349 350 488 809 806
331 332 333 334 335 336 337 338 339 340 341 343 344 345 346 347 348 349 350 351 972
332 333 334 335 336 337 338 340 341 342 343 344 345 346 348 349 350 351 352 915 413
333 335 336 338 339 340 341 342 344 345 346 347 349 350 352 353 679 466 461 617
334 335 336 337 338 339 341 342 343 344 345 346 347 348 349 350 351 352 353 354 867 358 788 392
335 336 337 338 339 340 341 342 343 344 345 346 347 348 349 350 351 352 353 354 355
336 337 338 339 340 341 342 343 344 345 346 347 348 349 350 351 352 353 355 356 656 672
337 338 339 340 341 342 343 344 345 346 347 351 353 354 355 356 357 989 914
338 339 340 341 342 343 344 346 347 348 349 350 351 352 353 354 355 356 357 358 696 788
339 340 341 342 343 344 346 347 349 350 351 352 353 354 355 356 357 358 359 427 897 482
340 341 342 343 344 345 346 348 349 350 352 353 354 355 356 357 358 359 360 559 813
341 342 343 344 345 346 347 348 349 350 351 352 353 354 355 356 357 358 360 361 943
342 343 344 345 346 347 348 349 350 351 352 353 354 355 356 358 359 360 361 986 512 816
343 344 345 346 347 348 349 350 351 353 354 355 356 357 358 359 360 361 362 363 592
344 345 346 347 348 349 350 351 352 354 355 357 358 359 360 361 362 363 364 855
345 346 347 348 349 350 351 352 353 354 356 357 358 359 360 361 362 363 365 568
346 348 349 350 351 352 353 354 355 356 357 358 359 360 361 362 363 364 365 366 862 433 417
347 348 349 350 351 352 353 354 355 356 357 358 359 360 361 362 363 364 365 366
348 349 350 352 353 354 355 356 357 358 359 360 361 362 363 364 365 366 367 368 657 728
349 350 351 352 353 354 355 356 357 358 359 360 361 362 363 364 365 366 367 368 369 679
350 352 353 355 356 357 358 359 360 361 362 363 364 365 366 367 368 369 370
351 352 353 354 355 356 358 359 360 361 362 363 364 366 367 369 370 371 853 894 628 499 977
352 354 355 356 357 358 359 360 362 364 365 366 367 368 369 370 371 372 629 912 727
353 354 355 356 357 358 359 360 361 362 363 364 366 368 369 370 372 373 598 966 824
354 355 356 357 358 360 362 363 364 366 367 368 369 370 371 372 373 374 616 474
355 356 357 358 359 361 362 363 364 365 366 368 369 370 371 372 373 374 375 423
356 357 358 359 360 361 362 363 364 365 367 368 369 370 371 372 373 374 375 376 457
357 358 359 360 361 362 363 364 365 366 367 368 369 370 371 372 373 374 375 377 513
358 359 360 361 362 363 364 365 366 367 368 369 370 371 372 373 374 375 377 378 977 848 682 669
359 360 361 362 363 364 366 367 368 369 370 371 372 373 374 375 376 377 378 379 536 761
360 361 362 363 364 365 366 367 368 369 370 371 372 373 374 375 376 377 378 379 380
361 362 363 364 365 366 367 368 369 370 371 372 373 374 375 376 377 378 379 380 381
362 363 364 365 366 367 368 369 370 371 372 373 374 375 376 377 378 379 380 381 382
363 364 365 366 367 368 369 370 371 372 373 374 375 376 377 378 379 380 381 382 383 781 707
364 365 366 367 368 369 370 371 372 373 374 375 376 378 379 380 381 382 383 384 786 441
365 366 367 368 369 370 371 372 374 375 376 377 378 379 380 381 382 383 384 385 641 734 502
366 367 368 369 370 371 372 373 374 375 376 377 378 379 380 381 382 383 384 386 823
367 368 369 370 371 372 373 374 375 376 377 378 379 380 381 382 383 384 385 386 387
368 369 370 371 372 373 374 376 377 378 379 380 381 382 384 385 386 387 388 440
369 370 371 372 373 374 375 376 377 378 379 380 381 382 384 385 386 387 388 389 911 627 719
370 371 372 373 374 375 376 377 378 379 380 381 382 383 384 385 386 387 388 390 774
371 372 373 374 375 376 377 378 379 380 381 382 383 384 385 386 387 388 389 390 391 494
372 373 374 375 376 377 378 379 380 381 382 383 384 385 386 387 388 389 390 391 392 799
373 374 375 376 377 378 379 380 381 382 383 384 385 386 387 388 389 390 391 392 393
374 375 376 377 378 379 380 381 382 383 384 385 386 387 388 389 391 392 394 986
375 376 377 378 380 381 382 383 385 386 387 388 389 390 391 392 393 394 395 739 963 988 511
376 377 378 379 382 383 384 385 386 388 389 390 392 393 394 395 396 507 639 955 417
377 378 379 381 382 383 384 385 386 387 388 389 390 391 392 393 394 396 397 534
378 379 380 382 383 384 385 386 387 388 390 391 392 393 394 395 396 397 398 760 510
379 380 381 382 383 384 385 386 387 388 389 390 391 392 393 394 395 396 398 399 984 431 466
380 381 382 383 384 385 387 388 389 391 392 393 394 395 396 397 398 399 400 517 870 824
381 383 384 385 387 388 389 390 392 393 394 395 396 398 399 400 401 806 845 818 987
382 383 384 385 386 387 388 389 390 391 392 394 395 396 397 398 399 400 401 402 634
383 384 385 387 388 389 390 391 393 394 395 396 397 398 399 400 401 403 547 524 450
384 385 386 387 388 389 391 392 395 396 397 398 399 400 401 402 403 404 434 741
385 386 388 389 390 391 392 393 394 395 396 397 399 400 401 402 403 404 405 921
386 388 389 390 391 392 394 395 396 397 398 399 400 401 402 403 404 405 406 768 940
387 389 390 391 392 393 394 395 396 397 398 399 400 401 402 403 404 405 407 816 453
388 389 390 391 392 393 394 395 396 397 398 399 400 401 402 403 404 405 406 407 408
389 390 391 392 393 394 395 396 399 400 401 402 403 404 405 406 407 408 409 726 776 530
390 391 392 393 394 395 396 397 398 399 400 401 402 403 404 405 406 407 408 409 410
391 393 394 395 396 397 398 399 400 401 402 404 405 406 407 408 409 411 832
392 393 394 395 396 397 398 399 400 401 402 403 404 405 406 407 408 410 411 412 544 422
393 394 395 396 397 398 399 400 401 402 403 404 405 406 407 408 409 410 411 412 413 421
394 395 396 397 398 399 400 401 402 403 404 405 406 407 408 410 411 412 413 414
395 396 397 398 399 400 401 402 403 404 405 406 407 408 409 410 411 412 413 414 415
396 397 398 399 400 401 402 403 404 405 406 407 408 409 410 411 412 413 414 415 416
397 398 400 401 402 403 404 405 406 407 408 409 410 411 412 413 414 415 416 417
398 399 400 401 402 403 405 406 408 409 410 411 412 413 414 415 417 418 608 446 480
399 400 401 402 403 404 405 406 407 408 409 410 411 413 414 416 417 418 419 794 512 658
400 401 402 403 404 405 407 409 410 411 412 413 414 415 416 417 418 419 420 767 878
401 402 403 404 405 406 407 408 409 410 412 413 414 416 417 418 419 420 421 811 850
402 403 404 405 406 407 408 409 410 411 412 413 414 415 416 417 418 419 420 421 422 439 436
403 404 405 406 407 408 409 410 411 412 413 414 415 416 417 418 419 420 421 422 423
404 405 407 408 409 410 411 412 413 414 415 416 417 418 419 420 421 422 423 424 669 720
405 406 407 408 409 411 412 413 414 415 416 417 418 419 420 421 422 423 424 447 858
406 407 408 409 410 411 412 413 415 416 417 418 419 420 421 422 423 424 425 426 641 877
407 408 410 411 412 414 415 416 417 418 419 420 421 422 423 424 425 426 427 540
408 409 410 411 412 413 414 415 416 417 418 419 420 421 422 423 424 425 426 428 933 878
409 410 411 413 414 415 416 417 418 419 420 421 422 423 424 425 426 427 428 429 785 452 677 931
410 411 412 413 414 415 416 417 418 419 420 421 422 423 424 425 426 427 428 429 430
411 412 413 414 415 416 417 418 419 420 421 422 423 424 425 427 428 429 430 431 820 799
412 413 414 415 416 417 418 419 420 422 423 424 425 427 428 429 430 431 432 583 749
413 414 415 416 417 418 419 420 421 424 425 426 427 428 429 430 431 432 433 835
414 415 416 417 418 419 420 421 422 423 424 425 426 427 428 429 430 431 432 433 434 952
415 416 417 418 419 420 421 422 423 424 425 426 427 428 429 430 432 433 434 435 531 544
416 417 418 419 420 421 423 424 425 426 427 428 429 430 431 432 433 434 435 436 539
417 418 419 420 422 423 424 425 426 427 428 429 430 431 432 434 435 436 437
418 419 420 421 422 423 425 426 427 428 429 430 431 432 433 434 435 437 438
419 420 421 422 423 424 425 426 427 428 429 431 432 434 435 436 437 438 439 816 910
420 421 422 423 424 425 426 427 428 429 430 431 432 433 434 435 436 437 438 439 440 963 787
421 422 423 424 425 426 427 428 429 430 431 432 433 435 436 437 438 439 440 441
422 423 424 425 426 427 428 429 430 431 432 433 434 435 436 437 438 439 441 442
423 424 425 426 427 428 429 430 431 432 433 434 435 436 437 438 439 440 441 442 443 531
424 425 426 427 428 429 430 431 432 433 434 436 437 439 440 441 442 443 444 940 802
425 426 427 428 429 430 431 432 434 435 436 437 438 439 440 441 442 443 444 445 804
426 427 428 429 430 431 432 433 434 435 436 437 438 439 440 441 442 444 445 446 626 758
427 428 429 430 431 432 433 434 435 436 437 438 439 440 441 442 443 444 445 446 447
428 429 430 431 432 433 434 435 436 437 438 439 440 441 442 444 445 446 447 448
429 430 431 432 433 434 435 436 437 438 439 440 441 442 443 444 445 446 448 449 997 541
430 431 432 433 434 435 436 437 438 439 440 441 442 443 444 445 446 448 449 450
431 433 434 435 436 437 438 439 440 441 443 444 445 446 447 448 449 450 451
432 433 435 436 437 438 439 440 441 442 443 445 446 447 448 449 450 451 452 501
433 434 435 437 438 439 440 441 442 443 444 445 446 447 448 449 450 451 452 453 902 699
434 435 436 437 438 439 440 441 442 443 444 445 446 447 448 449 450 451 452 453 454
435 436 437 438 439 440 441 442 443 444 445 446 447 448 449 450 451 452 453 454 455
436 437 438 439 440 441 442 443 444 445 446 447 448 449 450 451 453 454 455 456
437 438 439 440 441 442 443 444 445 447 449 450 451 452 453 454 455 456 457 621 645 847
438 439 440 441 442 443 444 445 446 447 448 449 450 451 452 453 455 456 457 458 833 991
439 440 441 442 443 444 445 446 447 448 449 450 452 453 454 455 456 457 458 459
440 441 442 443 444 445 446 447 448 449 450 451 452 453 454 455 456 457 458 459 460 475
441 442 443 444 445 446 447 448 449 450 451 452 453 455 457 458 459 460 461 923
442 443 444 445 446 447 448 449 451 452 453 454 455 456 457 458 459 460 461 462 524
443 444 445 447 448 449 450 451 452 453 454 455 456 457 459 461 463 759
444 445 446 447 448 449 450 451 452 453 454 455 456 457 458 459 460 461 462 463 464
445 446 447 448 449 450 451 452 453 454 455 456 457 458 460 461 462 463 464 465
446 447 448 449 450 451 452 453 454 455 456 457 458 459 460 461 462 463 464 465 466 772
447 448 449 450 451 452 453 454 455 456 457 458 459 460 461 462 463 464 465 466 467 623
448 449 450 451 452 454 455 456 457 458 459 460 461 462 463 464 465 467 468 637
449 450 451 452 453 454 455 456 457 458 459 460 461 462 463 464 465 466 467 468 469
450 451 452 453 454 455 456 457 458 459 460 461 462 463 464 465 466 467 468 469 470
451 452 453 454 455 456 457 458 459 460 461 462 463 464 465 466 467 468 470 515 828
452 453 454 455 456 457 458 459 460 461 462 463 464 465 466 467 468 469 470 471 472
453 454 455 456 457 458 459 460 462 463 464 465 466 467 468 469 470 471 472 473 822 862
454 455 456 457 458 459 460 461 462 463 464 465 466 467 468 469 471 472 473 474 860
455 456 457 458 459 460 461 462 463 464 466 467 468 469 470 471 472 473 474 527 930 988 885
456 457 458 459 460 461 462 463 464 465 467 468 469 470 471 472 473 474 475 476 786
457 458 459 460 461 463 464 465 466 467 468 469 470 471 472 473 474 475 476 477
458 459 460 461 462 463 464 465 466 467 468 469 471 472 473 474 475 476 477 478 797
459 460 461 462 463 464 465 466 467 468 469 470 471 472 473 474 475 476 477 478 479 663
460 461 462 463 464 465 466 467 468 470 472 473 474 475 476 477 478 479 480 624
461 462 463 464 465 466 467 468 469 470 471 472 473 474 475 476 478 479 480 481 522 629
462 463 464 465 466 467 468 469 470 471 472 473 474 475 476 477 478 479 480 481 482
463 464 465 466 467 468 469 470 471 472 473 474 475 476 477 478 479 480 481 482 483 497
464 465 466 467 468 469 471 472 473 474 475 476 477 478 479 480 481 482 483 484 835
465 466 467 468 469 470 471 472 473 474 475 476 477 478 479 480 481 482 483 484 485 777
466 467 469 470 471 472 473 474 475 476 477 478 479 480 481 482 483 484 485 755
467 468 469 470 471 472 473 474 475 476 477 478 479 480 481 482 483 484 485 486 487 932
468 469 470 471 472 473 474 475 476 477 478 479 480 481 483 484 485 486 487 488 610
469 471 472 473 474 475 476 478 479 480 481 482 483 484 485 486 488 489 796 878 749 898
470 471 472 473 474 475 476 477 478 479 480 481 482 483 484 485 486 487 488 489 490 702
471 472 473 474 475 476 477 478 479 480 481 482 483 484 485 486 487 488 489 490 491
472 473 475 477 478 479 480 481 482 485 486 487 488 489 490 491 492 713 598 615 517 826
473 474 475 476 477 478 479 480 481 482 483 485 486 487 489 490 491 492 629 804 813
474 475 476 477 478 479 480 481 482 483 484 485 486 487 489 490 491 492 493 494 569
475 476 477 478 479 480 481 482 483 484 485 486 487 488 489 490 491 492 493 494
476 477 478 479 480 481 482 483 484 485 486 487 488 489 490 491 492 493 494 495 496
477 478 479 480 481 482 483 484 485 486 487 488 489 490 491 492 493 494 495 496 497
478 479 480 481 482 483 484 486 487 488 489 490 491 492 493 494 495 496 497 498 646
479 480 481 482 483 484 485 486 487 488 489 490 491 492 493 494 495 496 497 498 499 666 675 508
480 481 482 483 485 486 487 488 489 490 491 492 493 494 495 497 498 499 500 976 723
481 482 483 484 485 486 487 489 490 491 492 493 494 495 496 497 498 499 500 501 929
482 483 484 485 486 487 488 489 491 494 495 496 497 498 499 500 502 997 876
483 484 485 486 487 488 489 490 492 493 494 495 496 497 498 499 500 501 502 503 994 655 935 917
484 485 486 487 488 489 490 491 492 493 494 495 496 498 499 500 501 502 503 576 934
485 486 487 488 489 490 491 492 493 494 495 496 497 498 499 500 501 502 503 504 505
486 487 488 489 490 491 492 493 494 495 496 497 498 499 500 501 502 503 504 505
487 488 489 490 491 492 493 494 495 496 497 498 499 500 501 502 503 504 505 506 507
488 489 490 491 492 493 494 495 496 497 498 499 500 501 502 503 504 505 506 507 508 518
489 490 491 492 493 494 495 496 497 498 499 500 501 502 503 504 505 506 507 508 509
490 491 492 493 494 495 496 497 498 499 500 501 502 503 504 505 506 507 508 509 510
491 492 493 494 495 496 497 498 499 500 501 502 503 504 505 506 507 508 509 510 511
492 493 494 495 496 497 498 499 500 501 502 503 504 505 506 507 508 509 510 511 512
493 494 495 496 497 498 499 500 501 502 503 504 505 506 507 508 509 510 511 512 735 522 541
494 496 497 498 499 500 501 503 504 505 506 507 508 509 510 511 512 513 514 640
495 496 497 498 499 500 501 502 503 504 505 506 508 509 510 511 512 513 514 515 955 829
496 497 498 499 500 501 502 503 506 507 508 509 510 511 512 513 514 515 569
497 498 499 500 501 502 503 504 505 508 509 510 511 512 513 516 517 628 860
498 499 500 501 503 504 505 506 507 508 509 510 511 512 513 514 515 516 517 518
499 500 501 502 503 504 505 506 507 508 509 510 511 513 514 515 516 517 518 877
500 501 502 503 504 505 506 507 508 509 510 511 512 513 514 515 516 517 518 519 520 820
501 502 503 504 505 506 507 508 509 510 511 513 514 515 516 517 519 520 521 684
502 503 504 505 506 507 508 509 510 511 512 513 514 515 516 517 518 519 520 521
503 505 506 507 508 509 510 511 512 513 514 515 516 517 518 519 520 521 522 523 717
504 505 506 507 508 509 510 511 512 513 514 515 516 517 518 519 520 521 522 523 524 838
505 506 507 508 509 510 511 512 513 514 515 516 517 518 519 520 521 522 524 525 685
506 507 508 509 510 511 512 513 514 515 516 517 518 519 520 521 522 523 524 525 526 890
507 508 509 510 511 512 513 514 515 516 517 518 519 520 521 522 523 524 525 526 527
508 509 510 511 512 513 514 515 516 517 518 519 520 521 522 523 524 525 526 528
509 510 511 512 513 514 515 516 517 518 519 520 521 522 523 524 525 526 527 528 529 740
510 511 512 513 514 515 516 517 518 519 520 521 522 523 524 525 526 527 528 529 530 640
511 512 513 514 515 516 517 518 519 520 521 522 523 524 525 526 527 528 529 530 531 972
512 513 514 515 517 518 519 520 521 522 523 524 525 526 528 529 530 531 532 688 665 689
513 514 515 516 517 518 519 520 521 522 523 524 525 526 527 528 529 530 531 532 533
514 515 516 517 518 519 520 521 522 523 524 525 526 527 528 529 530 531 532 533 534 740 806
515 516 518 519 520 521 522 523 524 525 526 527 528 529 530 531 532 533 534 535 726
516 518 519 520 521 522 523 524 525 526 527 528 529 530 531 532 533 534 535 536
517 518 519 520 521 522 523 525 526 527 528 529 530 531 532 533 534 535 536 537
518 519 520 521 522 524 525 526 527 528 530 531 532 533 534 535 536 537 538 764 941
519 520 521 522 523 524 525 526 527 528 529 530 531 532 533 534 535 536 537 538 539
520 521 522 523 524 525 526 527 528 529 530 531 532 533 534 535 536 537 538 539 540 921
521 522 523 524 525 526 527 528 529 530 531 532 533 534 535 536 537 538 539 540 541 737
522 523 524 525 526 527 528 529 530 532 534 535 536 537 538 539 540 541 542 868 616
523 524 525 526 527 528 529 530 531 532 533 534 535 536 537 538 539 540 541 542 543
524 526 527 528 529 530 531 532 533 535 536 537 538 539 540 541 542 543 597
525 526 527 528 529 530 531 532 533 534 535 536 537 538 539 540 541 542 543 544 545 650 546
526 527 528 529 530 531 532 533 534 535 536 537 538 539 540 541 542 543 544 545 546
527 528 529 530 531 532 533 534 536 537 538 539 540 541 542 544 545 546 547
528 529 530 531 532 533 534 535 536 537 538 540 541 542 543 544 545 546 547 548 876 947
529 530 531 532 533 534 535 536 537 538 539 540 541 542 543 544 545 546 547 548 549
530 531 532 533 534 535 536 537 538 539 540 542 543 544 545 546 547 548 549 694
531 532 533 534 535 536 537 538 539 541 542 543 544 545 546 547 548 550 551
532 533 534 535 536 537 538 539 540 541 542 543 545 546 547 548 549 550 551 552 798
533 534 535 536 537 538 539 540 542 543 544 545 546 547 548 549 550 551 552 553 634 707 557
534 535 536 537 538 539 540 541 542 543 544 545 546 547 548 549 550 552 553
535 536 537 538 539 540 541 542 543 544 545 546 547 548 549 550 551 552 553 554 555
536 537 538 539 540 541 542 543 544 545 546 547 548 549 551 552 553 554 555 556 716 955
537 538 539 540 541 543 544 545 546 547 548 550 552 553 554 555 556 557 892 766
538 539 540 541 542 543 544 545 546 547 548 549 550 551 552 553 554 555 556 557 558
539 540 541 542 543 544 545 546 547 548 549 550 551 552 553 554 555 556 557 558 559 725
540 541 542 543 544 545 546 547 548 549 550 551 552 553 554 555 556 557 558 559 754 653
541 542 543 544 545 546 547 549 550 551 552 553 554 555 556 557 558 559 560 561
542 543 545 546 547 548 549 550 551 552 553 554 555 556 557 558 559 560 562 908 777 795
543 544 545 546 547 548 549 550 552 553 554 555 556 557 558 559 560 561 562 563 913
544 545 546 547 548 549 550 551 553 554 556 557 558 559 560 561 562 563 564 630
545 546 547 549 550 551 552 553 554 555 556 557 558 559 560 561 562 563 564 565 992
546 547 548 549 550 551 553 554 555 556 557 558 559 560 561 562 563 564 565 566
547 548 549 550 551 552 553 554 555 556 557 558 559 560 561 562 563 564 565 566 567
548 549 550 551 552 553 554 555 556 557 558 560 561 562 563 564 565 566 567 568
549 550 551 552 553 554 556 557 558 559 560 561 562 563 564 565 566 567 568 569
550 551 552 553 554 555 557 558 559 561 562 563 564 565 566 567 568 569 918 865 648
551 552 553 554 555 556 557 558 559 560 561 562 563 564 565 566 567 569 570 571
552 553 554 555 556 557 558 560 561 562 563 564 565 566 567 568 569 570 571 572 772 897
553 554 555 556 557 558 559 560 561 562 563 564 565 566 567 568 569 570 571 572 573
554 555 556 557 558 559 560 561 562 563 564 565 566 567 568 569 570 571 572 573 574 853
555 556 557 558 559 560 561 562 563 564 565 566 567 568 569 570 571 572 573 574 575 589
556 557 558 559 560 561 562 563 564 565 567 568 569 570 571 572 574 575 576 752 906
557 558 559 560 561 562 564 565 566 567 568 569 571 573 575 576 577 902
558 559 560 561 562 563 564 565 566 567 568 569 570 571 573 574 575 576 577 578 739 706
559 560 561 562 563 565 566 567 568 569 570 571 572 573 574 575 576 578 579 872 780 686
560 561 562 563 564 565 566 567 568 569 570 571 572 573 574 575 576 577 578 579 580
561 562 563 564 565 566 567 569 570 571 572 573 574 575 576 577 578 579 580 581 753
562 563 564 565 566 568 569 570 571 572 573 574 575 576 577 578 579 580 581 582 604 667
563 564 565 566 567 568 569 570 571 572 573 574 575 578 579 581 582 583 985
564 565 566 567 568 569 570 571 572 573 574 575 576 577 578 579 580 581 582 583 584
565 566 567 568 569 570 571 572 573 574 575 576 577 578 579 580 581 582 583 584 585
566 567 568 570 571 572 573 574 575 576 577 578 579 580 581 582 583 584 585 586 640
567 568 569 570 571 572 573 574 575 576 577 579 580 581 583 584 585 586 587
568 569 570 571 572 573 574 575 576 577 578 580 581 583 584 585 586 587 588 809 655
569 570 571 572 574 575 576 577 578 579 580 581 582 583 585 586 588 589 890 621 804
570 571 572 573 574 576 577 578 579 580 581 582 583 584 585 587 588 589 590 700 834
571 572 573 574 575 576 577 578 579 580 581 582 584 585 586 587 588 589 590 591
572 573 574 575 576 577 578 579 580 581 582 583 584 585 586 587 588 589 590 591 592
573 574 575 576 577 578 579 580 581 582 583 584 586 587 588 589 590 591 592 593 823
574 575 576 577 578 579 580 581 582 583 584 585 586 587 588 589 590 591 592 593 594 679
575 576 577 578 579 580 581 582 583 584 585 586 587 588 589 590 591 592 593 594 595 701
576 577 578 579 580 581 582 583 584 585 586 587 588 589 590 591 592 593 594 595 596
577 578 579 580 581 582 583 584 585 586 587 588 589 590 591 592 593 594 595 596 597
578 579 580 581 582 583 585 586 587 588 589 590 591 592 593 594 595 596 597 598 865
579 580 581 582 583 585 586 587 589 590 591 592 593 594 595 596 597 598 599 916
580 581 582 583 584 585 586 587 588 589 590 591 593 594 595 596 597 598 599 600 806
581 582 583 584 585 586 587 588 589 590 591 592 593 594 595 596 598 599 600 601
582 583 584 586 587 588 589 590 591 592 593 594 595 596 597 598 599 600 601 602 615 760 865 614 970
583 584 585 586 587 588 589 590 591 592 593 594 595 596 597 598 599 600 601 602 603
584 585 586 587 588 589 590 591 592 593 594 595 596 597 598 599 600 601 602 603
585 586 587 588 589 590 591 592 593 594 595 596 597 598 599 600 601 602 603 604 605
586 588 589 590 591 592 593 594 595 597 598 599 600 602 603 604 605 606 708
587 589 590 591 592 593 594 595 596 597 598 599 600 601 602 603 605 606 607 841 983
588 589 590 591 592 593 594 595 596 597 598 599 600 601 602 603 604 605 606 607 608 676
589 590 591 592 593 595 596 597 598 599 600 601 602 603 604 605 606 607 608 609
590 591 592 593 594 595 596 597 598 599 600 601 602 603 604 605 606 607 608 609 610
591 592 593 594 595 596 598 599 600 601 602 603 605 606 607 608 609 610 611 954 796
592 593 594 595 596 597 598 600 601 603 604 605 606 607 608 610 611 612
593 594 595 596 597 598 599 600 601 603 604 605 606 607 609 610 611 612 613 945 663
594 595 596 597 598 599 601 602 604 606 607 608 609 610 611 612 613 614 651 858 978 775
595 596 597 598 599 600 601 602 603 604 605 606 607 608 609 610 612 613 614 615 858
596 597 598 599 600 601 602 603 604 605 606 607 608 609 610 611 613 614 615 616
597 598 599 600 601 602 603 604 605 606 607 608 609 610 611 612 614 615 616 617
598 599 600 601 603 604 605 606 607 608 609 611 612 613 614 615 616 617 618
599 600 601 602 603 604 605 606 607 609 610 611 612 613 614 615 616 617 618 619 944
600 601 603 604 605 606 607 608 609 611 612 613 614 615 616 617 618 619 620
601 603 604 605 606 607 608 609 610 611 612 613 614 615 616 617 618 619 620 621
602 603 604 605 606 607 608 609 610 611 612 613 614 615 616 617 618 619 620 621 622
603 604 605 606 607 608 610 611 612 613 614 615 616 617 618 619 620 621 622 623 993 706
604 605 606 607 608 609 610 611 612 613 614 615 616 617 618 619 621 622 623 624 873
605 606 607 608 609 610 611 612 613 614 615 616 617 618 619 620 621 622 623 624 625
606 607 608 609 610 611 612 613 614 615 616 617 618 619 620 621 622 623 625 626
607 608 609 610 611 612 613 614 615 616 617 618 619 620 621 622 623 624 625 626 627 788 707 886
608 609 610 611 613 614 615 616 617 618 619 620 621 622 623 624 625 626 627 628
609 611 612 613 614 615 616 617 618 619 620 621 622 623 624 625 626 627 628 629 833
610 611 612 613 614 615 616 617 618 619 620 621 622 623 624 626 627 628 629 840 662
611 612 614 615 616 617 618 619 620 621 622 623 624 625 626 627 628 629 631 733 998
612 613 614 615 616 617 618 619 620 621 622 623 624 626 627 628 629 630 631 632 738
613 614 615 616 617 618 619 620 621 622 623 624 625 626 627 628 629 630 632 633 976
614 615 616 617 618 619 620 621 622 623 625 626 627 628 629 630 631 632 633 634
615 617 618 619 620 621 622 623 624 626 627 628 629 630 631 632 633 634 635
616 617 618 619 620 621 622 623 624 625 626 627 628 629 630 631 632 633 634 635 985 786
617 618 619 620 621 622 623 624 625 626 627 628 630 631 632 633 634 635 637 952 991
618 619 620 621 622 623 625 626 627 628 629 630 631 632 633 635 636 637 638 691
619 620 621 622 623 624 625 626 627 628 629 630 631 632 633 634 635 636 637 638 639 714
620 621 622 623 624 625 626 627 628 629 630 631 632 633 634 635 636 637 638 639 640 959
621 622 623 624 625 627 628 629 630 631 632 633 634 635 636 637 638 639 640 641 896
622 623 624 625 626 627 629 630 631 632 633 634 635 636 637 638 639 640 641 642 807 834
623 624 625 626 627 628 629 630 632 633 634 635 636 637 638 639 640 641 642 643
624 625 626 627 628 629 630 631 632 633 634 635 636 637 638 639 640 641 642 643 644
625 626 627 629 630 631 632 633 634 635 636 637 638 639 640 641 642 643 644 645 766
626 627 628 629 631 632 633 634 635 637 638 639 640 641 642 643 644 645 646 912
627 628 629 630 631 632 633 634 635 636 637 638 639 640 641 642 643 644 645 646 647
628 629 630 632 633 635 637 639 640 641 642 643 644 645 646 647 648
629 630 631 633 634 636 637 638 639 640 641 642 643 644 645 646 647 648
630 631 632 633 634 635 637 638 639 640 641 642 643 644 645 646 647 648 649 650
631 632 633 634 635 636 637 638 639 640 641 642 643 644 645 646 647 648 649 650 651 889 668
632 633 634 635 636 637 638 639 641 642 643 644 645 647 648 649 650 651 652 869 984
633 635 636 637 638 639 640 642 643 644 645 647 648 649 650 651 652 653 729 921
634 635 636 637 638 639 641 642 643 644 645 646 647 648 649 650 651 652 653 654
635 636 637 638 639 640 641 642 643 644 645 646 647 648 649 650 651 652 653 654 655
636 637 638 639 640 641 642 643 644 645 647 648 649 650 651 652 653 654 655 656
637 638 639 640 641 642 644 645 646 647 648 649 650 651 652 653 654 655 656 657
638 639 640 641 642 643 644 645 646 647 648 649 650 652 653 654 655 656 657 658 911
639 640 641 642 643 644 645 646 647 648 649 650 652 653 654 655 656 657 659 700 915
640 641 642 643 644 645 646 647 648 649 650 651 652 653 654 655 656 657 658 660
641 642 643 645 646 647 648 649 650 651 652 653 654 655 656 658 659 660 661 900 927
642 643 644 645 646 647 648 649 650 651 652 654 655 656 657 658 659 660 661 662 675 877 834
643 644 645 646 647 648 649 650 651 652 653 654 655 656 657 658 659 660 661 662 734
644 645 646 647 648 649 650 651 652 653 654 655 656 657 658 659 660 661 662 663 664 673
645 646 647 648 650 651 652 653 654 656 657 658 659 660 661 662 663 664 665 871 683 789
646 647 648 649 651 652 653 654 655 656 658 659 660 661 662 663 664 665 666 818 741 707
647 648 649 650 651 652 653 654 655 656 658 659 660 661 662 663 664 665 666 667 963
648 649 650 651 652 653 654 655 656 658 659 660 661 662 664 665 667 668
649 650 651 652 653 654 655 656 657 658 659 660 661 662 663 664 665 666 667 668 669
650 651 653 654 655 656 657 658 659 660 661 662 663 664 665 666 667 668 669 670
651 652 653 654 655 656 657 658 659 660 661 663 664 665 666 667 668 669 670 671 713
652 653 654 655 656 657 658 659 661 662 663 665 666 668 669 670 671 672 776 970
653 654 655 656 657 658 659 660 661 662 663 664 665 666 667 668 669 670 671 672 673
654 655 656 657 658 659 660 661 662 663 664 665 666 667 668 669 670 671 674 936
655 656 657 658 659 660 661 662 663 664 665 667 668 669 670 671 672 673 674 675
656 657 658 659 660 661 662 663 665 666 667 668 669 670 671 672 674 675 676
657 658 659 660 661 662 664 665 666 667 668 669 670 671 672 673 674 675 676 677
658 659 660 661 662 663 664 665 666 667 668 669 670 671 673 674 675 676 677
659 660 661 662 663 664 665 666 667 668 669 670 671 672 673 674 675 676 677 678 679 902
660 661 662 663 664 665 666 667 668 669 670 671 672 673 674 675 676 677 678 679 680
661 662 663 665 666 667 668 669 670 671 672 673 674 675 676 677 678 679 680 681 912
662 663 664 665 666 667 668 669 670 671 672 673 674 675 676 677 678 679 680 681 682
663 664 665 666 667 668 669 670 671 672 673 674 676 679 680 681 682 683
664 665 666 667 668 669 670 671 672 673 674 675 676 677 678 679 681 682 683 684
665 666 667 668 669 670 671 672 673 674 675 676 677 679 680 681 682 683 684 685 950 997
666 667 668 669 670 671 672 674 675 676 677 678 679 680 681 682 683 684 685 686
667 668 669 670 672 673 674 675 676 677 678 679 681 682 683 684 685 686 880 947
668 669 670 671 672 673 674 675 676 677 678 679 680 681 682 683 684 686 687 688
669 670 671 672 673 674 675 676 677 678 679 680 681 682 683 684 685 686 687 688 689
670 671 672 673 674 675 676 677 678 679 680 681 682 683 684 685 686 687 688 689 690 738
671 672 673 674 675 676 677 678 679 680 681 682 683 684 685 686 687 688 689 690 691
672 673 674 675 676 677 678 679 680 681 682 683 684 685 686 687 688 689 691 692
673 674 675 676 677 678 679 680 681 682 683 684 685 686 688 689 690 691 692 693 748
674 675 676 677 678 679 680 681 683 684 685 686 687 689 690 691 693 694 931 763
675 676 677 678 679 680 681 682 685 686 687 688 689 690 691 692 693 694 695 907 782
676 677 678 679 680 681 682 683 685 686 687 688 689 690 691 692 693 694 695 696
677 678 679 680 681 683 684 685 686 688 689 690 691 692 693 694 695 696 777 809
678 679 680 681 682 683 684 685 686 687 688 689 690 691 692 693 694 695 696 697 698
679 681 682 683 684 685 686 687 688 689 690 691 692 693 694 695 696 698 699
680 681 682 683 684 685 686 687 688 689 690 691 692 693 694 695 696 697 698 699 700
681 682 684 685 686 687 688 689 690 691 692 693 694 695 697 698 699 700 701
682 683 684 685 686 687 688 690 691 692 693 694 695 696 697 698 699 700 701 702
683 684 685 686 687 688 689 690 691 692 693 694 695 696 697 698 699 700 701 702 703 878
684 685 686 687 688 689 690 691 692 693 694 695 696 697 698 699 700 701 702 703 704 836 911
685 686 687 688 689 690 691 692 693 694 695 696 697 698 699 700 701 702 703 704 705
686 687 689 690 691 692 693 694 695 696 697 698 699 700 701 702 703 704 705 706 809 885 789
687 688 689 690 691 692 693 694 696 697 698 699 700 701 702 703 704 705 706 707 726
688 689 690 691 692 693 694 695 696 697 698 699 700 701 702 703 704 705 706 707 708
689 690 691 692 693 694 695 696 697 698 699 700 701 702 703 704 706 707 708 709
690 691 692 693 694 695 696 697 698 699 700 701 702 703 704 705 706 708 709 710 728
691 692 694 695 696 697 698 699 700 701 702 703 704 705 706 707 708 709 710 711 886
692 693 694 695 696 697 698 699 700 701 702 704 705 706 707 708 709 710 711 712
693 694 695 697 698 699 700 701 702 703 704 705 706 707 709 710 711 712 713 957 942
694 695 696 698 700 701 702 703 704 705 706 707 708 709 710 711 712 713 714
695 696 697 698 699 700 701 702 703 704 705 706 707 708 710 711 712 713 714 715 786
696 697 698 699 700 701 702 703 704 705 706 707 708 709 710 711 712 713 714 715 716 872
697 698 699 700 701 702 703 704 705 706 707 708 709 710 711 712 713 714 715 716 717
698 699 700 701 702 703 704 705 706 707 708 709 710 711 712 713 714 715 716 717 718 732
699 700 701 702 703 704 705 706 707 708 709 710 711 713 714 715 716 718 719 851
700 701 702 703 704 705 706 707 708 709 710 711 712 713 714 715 716 717 718 719 720
701 702 703 704 705 706 707 708 709 710 711 712 713 714 715 716 717 718 719 720
702 704 705 706 707 708 709 710 711 712 713 715 716 717 718 719 720 721 722
703 704 705 706 707 708 709 710 711 712 713 714 715 716 717 718 719 720 721 722 723
704 705 706 707 708 710 711 712 713 714 715 716 718 719 720 721 722 723 724 899 886
705 706 707 708 709 710 711 712 713 714 715 716 717 718 719 720 721 722 723 724 725
706 707 708 709 710 711 712 713 714 715 716 717 718 719 720 721 724 725 726 970
707 708 709 710 711 712 713 714 715 717 720 721 723 724 725 726 727 823
708 709 710 711 712 713 714 715 716 718 719 720 722 723 724 725 726 727 728 937
709 710 711 712 713 714 715 716 717 718 719 720 721 722 723 725 726 727 728 729
710 711 712 713 714 715 716 717 718 719 720 721 722 723 725 726 727 728 729 730
711 712 713 714 715 716 717 718 719 720 721 722 723 724 725 726 727 728 729 730 731
712 713 714 715 716 717 718 719 720 721 722 723 724 725 726 727 729 730 731 732 815
713 714 715 716 717 718 719 720 721 723 724 725 726 727 728 729 730 731 732 733
714 715 716 717 719 720 722 723 724 725 726 727 728 729 730 731 732 733 734
715 716 717 718 719 720 721 722 724 725 726 727 728 729 730 731 732 733 734 735 758
716 717 718 719 720 721 722 723 724 725 727 728 729 730 731 732 733 734 735 736 889
717 718 719 720 721 722 723 724 725 726 727 728 729 730 731 732 733 734 736 737
718 719 720 721 722 723 724 725 726 727 728 729 730 731 732 733 734 735 736 737 738
719 720 721 722 723 724 725 726 727 728 729 730 731 732 733 735 736 737 738 739
720 721 722 724 725 726 727 728 729 730 731 732 733 734 735 736 737 738 739 740
721 722 723 724 725 726 727 728 729 730 731 732 733 734 735 736 737 738 739 740 741
722 723 724 725 726 727 728 729 730 731 732 733 734 735 736 737 738 739 740 741 742
723 724 725 726 727 728 729 730 731 732 733 734 735 736 737 738 739 740 742 743 787
724 725 726 727 728 729 730 731 732 733 734 735 736 737 738 739 740 741 742 743 744 894 859
725 726 727 728 729 730 731 732 733 734 735 736 737 738 740 741 742 743 744 745 880
726 727 728 730 731 732 733 734 735 736 737 738 739 740 741 742 743 744 745 746 940 864
727 728 729 730 731 732 733 734 735 736 737 738 739 740 741 742 743 744 745 746 747
728 729 730 731 732 734 735 736 737 738 739 740 741 742 743 744 745 746 748 866 903
729 730 731 732 733 734 735 736 737 738 739 740 741 742 743 744 745 746 747 748 930
730 731 732 733 734 735 736 737 738 739 740 741 742 744 745 748 749 750 916 891
731 732 733 734 735 736 737 738 739 740 741 742 743 744 745 746 747 748 749 750 751
732 733 734 735 736 737 738 739 740 741 742 743 744 745 747 748 749 750 751 752
733 734 735 737 738 739 740 741 743 744 746 747 748 749 750 751 752 753 860
734 735 736 737 738 739 741 742 744 745 746 747 748 749 750 751 752 753 754
735 737 738 739 740 741 742 743 744 745 746 747 748 749 750 751 752 753 754 755
736 737 739 740 742 743 744 745 746 747 748 750 751 752 753 754 756 797 969 876
737 738 740 741 742 743 744 745 746 747 748 749 750 751 752 753 754 755 756 757
738 739 740 742 743 745 746 747 748 749 750 751 752 753 754 755 756 757 949
739 740 742 743 744 745 746 747 748 749 750 752 753 754 755 756 757 758 759
740 741 742 743 744 745 746 747 748 750 751 752 753 755 756 757 758 759 760
741 742 743 744 745 746 747 748 749 750 751 753 754 755 757 758 759 761 932 930
742 743 744 745 746 747 748 749 750 751 752 753 754 755 756 757 758 759 760 761 762
743 744 745 746 747 748 749 750 751 753 754 755 756 757 758 759 760 761 763 798 860 854
744 745 746 747 748 749 750 751 752 753 754 755 756 757 758 759 760 761 762 763 764
745 746 747 748 749 750 751 752 753 754 755 756 757 758 759 760 761 762 763 764 765
746 747 748 749 750 751 752 753 754 755 756 757 758 759 760 761 762 763 764 765 766
747 748 749 750 751 753 754 755 756 757 758 759 760 761 762 763 764 765 766 767
748 749 750 751 752 754 755 756 757 758 759 760 761 762 763 764 765 766 767 768
749 750 751 752 753 754 755 756 757 758 759 761 762 763 765 766 767 768 769 869
750 751 752 753 754 755 756 757 758 759 760 761 762 763 764 765 766 767 768 769 770
751 752 753 754 755 756 757 758 759 760 761 762 763 764 765 766 767 768 769 770 771 969
752 753 754 755 756 757 758 760 761 762 763 764 765 766 767 768 769 770 771 772 784
753 754 755 756 757 758 759 760 761 762 763 764 765 766 767 768 769 770 771 773
754 755 756 757 758 759 760 761 762 763 765 766 768 769 770 771 772 773 774
755 756 757 758 759 760 761 762 763 764 765 766 767 768 769 770 771 772 773 774 775 806
756 757 759 760 761 762 764 765 766 767 768 769 770 771 772 773 774 775 776 961 821
757 758 759 760 761 762 763 764 765 766 767 769 770 771 772 773 774 775 776 777
758 759 760 762 763 764 765 766 767 768 769 770 771 772 773 774 775 776 777 778
759 760 761 762 763 764 765 766 767 768 769 770 771 772 773 774 775 776 777 778 779 967
760 761 762 764 765 766 767 768 769 770 771 772 773 774 775 776 777 778 779 780
761 762 763 764 765 766 767 768 769 770 771 772 773 774 775 776 777 779 780 781
762 763 764 765 766 767 768 769 770 771 772 773 774 775 776 777 778 780 781 782
763 764 765 766 767 768 769 770 771 772 773 774 775 776 777 778 779 780 781 782 783
764 765 766 767 768 769 770 771 772 773 774 775 776 777 778 779 780 781 782 783 784
765 766 767 768 769 770 771 772 773 774 775 776 777 778 779 780 781 782 784 785
766 767 768 769 770 771 772 773 774 775 776 777 778 779 780 781 782 783 784 785 786
767 768 769 770 771 772 773 774 775 776 777 778 780 781 782 783 784 785 786 787
768 769 770 771 772 773 774 775 776 777 778 779 780 781 782 783 784 785 786 787 788
769 770 772 773 774 775 776 777 778 779 780 781 782 783 784 785 786 787 788 789 865
770 771 772 773 774 775 776 777 778 779 780 781 782 783 784 785 786 787 788 789 790 953
771 772 773 774 775 776 777 778 779 780 781 782 783 784 785 786 787 788 789 790 791
772 773 774 775 776 777 778 779 780 781 782 783 784 785 788 789 790 791 792
773 774 775 776 777 778 780 781 782 783 784 785 786 787 788 789 790 792 793
774 775 776 777 778 779 780 781 782 783 784 785 786 787 789 790 791 792 793 794
775 776 777 778 779 780 781 782 783 784 785 786 787 788 789 790 791 792 793 795
776 777 778 779 781 782 783 784 785 786 787 788 789 790 791 792 793 794 795 796
777 778 779 780 781 782 784 785 786 787 788 789 791 792 793 794 795 796 797
778 779 780 781 782 783 784 785 786 787 788 789 790 791 792 793 794 795 796 797 798 968
779 780 781 782 783 784 785 786 787 788 789 790 791 792 793 794 795 796 797 798 799 974
780 781 782 783 784 785 786 787 788 789 790 791 793 794 795 796 797 798 799 800
781 782 783 784 785 786 787 788 789 790 792 793 794 795 796 797 798 799 800 801 970
782 783 784 785 786 788 789 790 791 792 793 794 795 796 797 798 799 800 801 938 817
783 784 785 786 787 788 789 790 791 792 793 794 795 796 797 798 799 800 801 802 803 901
784 785 786 787 788 789 790 791 792 793 794 795 797 798 799 801 802 803 804 820 977
785 786 788 789 790 791 792 793 794 795 796 797 798 799 800 801 802 803 804 805
786 787 788 789 790 791 793 794 796 797 798 799 800 801 802 804 805 806
787 788 789 790 791 793 794 795 796 797 798 799 800 801 802 803 804 805 807
788 789 790 791 792 793 794 795 797 798 800 802 803 804 805 806 807 808
789 790 791 792 793 794 795 796 797 798 799 800 801 803 804 806 807 808 809
790 791 792 793 794 795 796 797 798 799 800 801 802 803 805 806 807 808 809
791 792 793 794 795 796 797 798 800 801 802 803 804 805 806 807 808 809 810 811 996
792 793 794 795 796 797 798 799 800 801 802 803 804 805 806 807 808 809 810 811 812
793 794 795 796 798 799 800 801 802 803 804 805 806 807 808 809 810 812 813 967
794 795 796 797 799 801 802 803 804 805 806 807 808 809 810 811 812 813 814 974
795 796 797 798 799 800 801 802 803 804 805 806 807 808 809 810 811 812 813 814 815
796 797 798 799 800 801 802 803 804 805 806 807 808 809 810 811 812 813 815 816
797 798 799 800 801 802 803 804 805 806 807 808 809 810 811 812 813 814 815 816 817
798 799 800 801 803 804 805 806 807 808 809 810 811 812 813 814 815 816 817 818 988
799 800 801 802 803 804 805 806 807 808 809 810 811 813 814 815 816 817 818 819
800 801 802 803 804 805 806 807 808 809 810 811 812 813 814 815 816 817 818 819 820
801 802 803 804 805 806 807 808 809 810 811 812 815 817 818 819 820 821
802 803 804 805 806 807 808 809 810 811 812 813 814 815 816 817 818 820 821 822 896
803 804 805 806 807 808 809 810 811 812 813 814 815 816 817 818 819 820 821 822 823
804 805 806 807 808 809 810 811 812 813 814 815 816 818 819 820 821 822 823 824
805 806 807 808 809 810 811 812 813 814 815 816 818 819 820 821 822 823 824 825
806 807 808 809 810 811 812 813 814 815 816 817 818 820 822 823 824 825 826
807 808 810 811 812 813 814 815 817 818 819 820 821 822 823 824 825 826 964
808 809 810 811 812 813 814 815 816 817 818 819 820 822 823 824 825 826 827 828
809 811 812 813 814 815 816 817 818 819 821 822 823 824 825 826 827 828 829 995
810 811 812 813 814 815 816 817 818 819 820 822 823 824 825 826 827 828 829 830
811 812 813 814 816 817 818 819 820 821 822 823 824 825 826 827 828 829 830 831
812 813 814 815 816 817 818 819 820 821 822 823 824 825 826 827 828 829 830 831
813 814 815 816 817 818 819 820 821 822 823 824 825 826 827 828 829 830 831 832 833
814 815 816 817 818 819 820 821 822 823 825 826 827 828 829 830 832 833 834 843 943
815 816 817 818 819 820 821 822 823 824 825 826 827 828 830 831 832 833 834 835
816 818 819 820 821 822 823 824 825 827 828 829 831 833 835 840 952 956
817 818 820 821 822 823 824 825 827 828 829 830 831 832 833 834 835 837 895
818 819 820 821 822 823 824 825 826 827 828 829 830 831 832 833 835 836 837 838
819 820 821 822 823 824 825 826 827 828 829 830 831 832 834 835 836 837 838 839 853
820 821 823 824 826 827 828 829 830 832 833 834 835 836 837 838 839 840 845
821 822 823 824 825 826 827 828 829 830 831 832 833 834 835 836 837 838 839 840 841
822 823 824 825 826 827 828 829 830 831 832 833 834 835 836 837 838 839 840 841 842
823 824 825 826 827 828 829 830 831 832 834 835 836 837 838 839 840 841 842 843
824 825 826 827 828 829 830 831 832 833 835 836 837 838 840 841 842 844 974
825 826 827 828 829 830 831 832 833 834 835 836 837 838 839 840 841 842 843 844 845 847 865
826 827 828 829 830 831 832 833 834 835 836 837 838 839 840 841 842 843 844 845 846
827 828 829 830 831 832 833 834 835 836 837 838 839 840 841 842 843 844 845 846 847 875
828 829 830 831 832 833 835 836 837 838 839 840 841 842 843 844 845 846 847 848 871
829 830 831 832 833 834 835 836 837 838 839 840 842 843 844 845 846 847 848 849
830 831 832 833 834 835 836 837 838 839 840 841 842 843 844 845 846 847 848 849 850 884 953
831 832 833 834 836 837 839 840 841 842 843 844 845 846 847 848 849 850 851 991
832 833 834 835 836 838 839 841 842 843 844 845 846 847 848 849 850 851 852
833 834 835 836 837 838 839 840 841 842 843 844 845 846 847 849 850 851 852 993
834 835 836 837 838 839 840 841 842 843 844 845 847 848 849 850 851 852 853 854
835 836 837 838 839 840 841 842 843 844 845 846 847 849 850 851 852 853 854 855
836 837 838 839 840 841 842 843 844 846 847 849 850 851 852 853 854 855 856
837 838 839 840 841 842 843 844 845 846 847 848 849 850 851 852 853 854 855 856 857
838 839 840 841 842 844 845 846 847 848 849 850 851 852 853 854 855 856 857 858 859
839 840 841 842 843 844 845 846 847 848 849 850 851 852 853 854 855 856 857 858 859
840 841 842 843 844 845 846 848 849 850 851 852 853 854 855 856 857 858 859 860
841 842 843 844 845 846 847 848 849 850 851 852 853 854 855 856 857 858 859 860 861
842 843 844 845 847 848 849 850 851 852 853 854 855 856 857 858 859 860 861 862 917
843 844 845 846 847 848 849 850 851 852 853 855 856 857 858 860 861 862 863 976
844 845 846 847 848 849 850 851 852 853 854 855 856 857 858 859 860 861 862 863 864
845 846 847 848 849 850 851 852 853 855 856 857 858 859 860 861 862 863 865 875
846 847 848 849 850 851 852 853 854 855 856 857 858 859 860 861 862 863 864 866 874
847 848 849 850 851 852 853 854 855 856 858 859 860 862 863 864 866 867
848 849 851 852 853 854 855 856 857 858 859 860 861 862 863 864 865 866 867 868
849 850 851 852 853 854 855 856 857 858 859 860 861 862 863 864 865 866 867 868 869
850 851 852 853 854 855 856 857 858 859 860 862 863 864 865 866 867 868 869 870
851 852 853 854 855 856 857 858 859 860 861 862 863 864 865 866 867 868 869 870 871 994
852 854 855 856 857 858 859 860 861 862 863 864 866 867 868 869 870 871 872
853 854 856 857 858 859 860 861 862 863 864 865 866 867 868 869 870 872 873
854 855 856 857 858 859 860 861 862 863 864 865 866 867 868 869 870 871 872 873 874 955
855 856 857 858 859 860 861 862 863 864 865 866 867 868 869 870 871 872 873 874 875
856 857 858 859 860 861 862 863 864 865 866 867 868 869 870 871 872 873 874 875 876
857 858 859 860 861 862 863 864 865 866 867 868 869 870 871 872 873 874 875 876
858 859 860 861 862 863 864 865 866 868 869 870 871 872 873 874 875 876 877 878
859 860 861 862 863 864 865 866 867 868 870 871 872 873 874 875 876 877 879
860 861 862 863 864 865 866 867 869 870 871 872 874 875 876 877 878 879 880
861 862 863 864 865 866 867 868 869 870 871 872 873 874 875 877 878 879 880 881
862 864 865 866 867 868 869 870 871 872 873 874 875 876 877 878 879 880 882
863 864 865 866 867 868 869 870 871 872 873 874 875 876 877 878 879 880 881 882 883
864 865 866 867 868 869 870 871 872 873 874 875 876 877 878 880 881 882 883 884
865 866 867 868 869 870 871 873 874 875 876 877 879 880 881 882 883 885 995 960
866 867 868 870 871 872 873 874 875 876 877 878 879 880 881 882 883 884 885 886
867 868 870 871 873 874 875 876 877 878 879 880 881 882 883 884 885 886 887 906
868 869 870 871 872 873 874 875 876 877 878 879 880 881 882 883 885 886 887 888 935
869 870 871 872 873 874 875 876 877 879 880 881 882 883 884 885 886 887 888 889
870 871 872 873 874 875 876 877 878 879 880 881 882 883 884 885 886 887 888 889 890
871 872 873 874 875 876 877 879 881 882 883 884 886 887 888 889 890 891 996
872 874 875 877 878 879 880 881 882 883 884 885 886 887 888 889 890 891 892
873 874 875 876 877 878 879 880 881 882 883 884 885 886 887 888 889 890 891 892 893
874 875 876 877 878 879 880 881 882 883 884 885 886 887 888 890 891 892 893 894
875 876 878 879 880 881 882 883 884 885 886 887 888 889 890 891 892 893 894 895
876 877 878 879 880 881 882 883 885 886 887 888 889 890 891 892 893 894 895 896
877 878 879 880 881 883 884 885 886 887 888 889 890 891 892 893 894 895 896 897
878 879 880 881 882 883 884 885 887 888 889 890 891 892 893 894 895 896 897
879 880 881 882 883 884 885 886 887 888 889 890 891 892 893 894 895 896 897 898 899
880 881 882 883 884 885 886 887 888 889 890 891 893 894 895 896 897 898 900
881 882 883 884 885 886 887 888 889 890 891 892 893 894 895 896 897 898 899 900 901
882 883 884 885 886 887 888 889 890 891 892 893 894 895 896 898 899 900 901 902
883 884 885 886 887 888 889 890 891 892 893 894 895 896 897 898 899 900 901 902 903
884 885 886 887 888 889 890 891 892 893 895 896 897 898 899 900 901 902 903 904
885 886 887 888 889 890 891 892 893 894 895 896 897 898 899 900 901 902 903 904 905
886 887 888 889 890 892 894 895 896 897 898 899 900 901 902 903 905 906
887 888 889 890 891 892 893 894 895 896 897 898 899 900 901 902 903 904 905 906 907
888 889 890 891 892 893 894 895 896 897 898 899 900 901 902 903 904 905 906 907 908
889 890 891 892 895 896 897 898 899 900 901 902 903 904 905 906 907 908 909
890 892 893 894 895 896 897 898 899 900 901 902 903 904 906 907 908 909 910
891 892 893 894 895 896 897 898 899 900 901 902 903 904 905 906 907 908 909 910 911
892 893 895 896 897 898 899 900 901 902 903 904 905 906 907 908 909 910 911 912
893 894 895 896 897 898 899 900 901 902 903 904 905 906 907 908 909 910 911 912 913
894 895 896 898 899 900 901 902 903 904 905 906 907 908 909 910 911 912 913 914
895 896 899 900 901 902 903 904 905 906 907 908 909 910 911 912 913 914 915
896 897 898 899 900 901 902 903 904 905 906 907 909 910 911 912 913 914 916
897 898 899 900 901 902 903 904 905 906 907 908 909 910 911 912 913 914 916 917
898 899 900 901 902 903 904 905 906 907 908 909 910 911 912 913 914 915 916 917 918
899 900 901 902 903 904 905 906 907 908 909 910 911 912 913 914 915 916 917 918 919 981
900 901 903 904 905 906 907 908 909 910 911 912 913 914 915 916 917 918 919 920
901 902 903 904 905 906 907 908 909 910 911 912 913 914 915 916 917 918 920 921
902 903 904 906 907 908 910 911 912 913 914 915 916 917 918 919 920 922
903 905 906 907 909 910 911 912 913 914 915 916 917 918 919 920 921 922 923
904 905 906 907 908 909 910 911 912 913 914 915 916 917 918 919 920 921 922 923 924
905 906 907 908 909 910 911 912 913 914 915 916 917 918 919 920 921 922 923 924 925
906 907 909 910 911 912 913 914 915 916 917 918 919 920 921 922 923 924 925 926
907 908 909 910 911 912 913 914 915 916 917 918 919 920 921 922 923 924 925 927
908 909 910 911 912 913 914 915 916 917 918 919 920 921 922 923 924 925 926 927 928
909 910 911 912 913 914 915 916 917 918 919 920 921 922 923 924 925 926 927 928 929
910 911 912 913 914 915 916 917 918 919 920 921 922 923 924 925 926 927 928 929 930
911 912 913 914 915 916 917 918 919 920 922 923 925 926 927 928 929 930 931 942
912 913 914 915 917 918 919 920 921 922 923 924 925 926 927 928 929 930 931 932
913 914 915 916 917 918 919 920 921 922 923 924 926 927 928 929 930 931 932 933
914 915 916 917 918 919 920 921 922 923 924 925 926 927 928 929 930 931 932 933 934
915 916 917 918 919 920 921 923 924 925 926 927 928 929 930 932 933 934 935
916 917 918 919 920 921 922 923 924 925 926 927 928 929 930 931 932 933 934 935 936
917 918 919 920 921 922 923 924 925 926 927 928 929 930 932 933 934 935 936 937
918 919 920 921 922 923 924 925 926 927 928 929 930 931 933 934 935 936 937 938
919 920 921 922 923 924 925 926 927 928 929 930 931 932 933 934 935 936 937 938 939
920 921 922 923 924 925 926 927 928 929 930 931 932 933 934 935 936 937 938 939 940
921 922 923 924 925 926 927 928 929 930 931 932 934 935 936 937 938 939 940 941
922 923 924 925 926 927 928 929 930 931 932 933 934 935 936 937 938 939 940 941 942
923 924 925 926 927 928 929 930 931 932 933 934 935 936 937 938 939 940 941 943
924 925 926 927 928 929 930 931 932 933 934 935 936 937 938 939 940 941 942 943 944
925 926 927 928 929 930 931 932 933 934 935 936 938 939 940 941 942 943 944 945
926 927 928 929 930 931 932 933 934 935 936 937 938 939 940 941 942 943 944 945 946
927 928 929 930 931 932 933 934 935 936 937 938 939 940 941 942 943 944 945 946 947
928 929 930 931 932 934 936 937 938 939 940 941 942 943 944 945 946 947 948
929 930 931 933 934 935 936 937 938 939 940 942 943 944 945 946 947 948 949
930 931 932 933 934 935 936 937 938 939 940 941 942 943 944 945 946 947 948 949 950
931 932 933 934 935 936 937 939 940 941 942 944 946 947 948 949 950 951 971
932 933 934 935 936 937 939 940 941 943 944 945 946 947 948 949 950 951 952
933 934 935 936 937 938 939 940 941 942 943 944 945 946 947 948 949 950 951 952 953
934 935 936 937 938 939 940 941 942 943 944 945 946 947 948 949 950 951 953 954
935 936 938 939 940 941 942 943 944 945 947 948 949 950 951 952 953 954 955
936 937 938 939 940 941 942 943 945 946 947 948 949 950 951 952 953 954 955 956
937 938 939 940 941 942 943 944 945 946 947 948 949 950 951 952 953 954 955 956 957
938 939 940 941 942 943 944 945 946 947 948 949 950 951 953 954 955 956 957 958
939 940 941 942 943 944 945 946 947 948 949 950 951 952 953 954 955 956 957 958 959
940 942 943 944 946 947 948 949 950 951 952 953 954 955 956 957 958 959 960
941 942 943 944 945 946 947 948 949 950 951 952 953 954 955 956 957 958 959 961
942 944 945 946 947 949 950 951 952 953 955 956 957 958 960 961 962
943 944 945 947 948 949 950 951 952 953 954 955 956 957 958 959 960 961 962 963
944 945 946 947 948 949 950 951 952 953 954 956 957 958 959 960 961 962 963 964
945 946 947 949 950 951 952 953 954 955 956 957 958 959 960 961 962 963 964 965
946 947 948 949 950 951 952 953 954 955 956 957 958 959 960 961 962 963 965 966
947 948 950 951 952 953 954 955 956 958 959 960 961 962 963 964 965 966 967
948 949 950 951 952 953 954 955 956 957 958 959 960 961 962 963 964 965 966 967 968
949 950 951 952 953 954 955 956 957 958 959 960 961 962 963 964 965 966 967 968 969
950 951 953 954 955 956 957 958 959 960 961 962 963 964 966 967 968 969 970 993
951 952 953 954 955 956 957 958 959 960 961 962 963 964 965 966 967 968 969 970 971
952 953 954 955 956 957 959 961 962 964 965 966 967 968 969 970 971 972
953 954 955 957 958 959 960 961 962 963 964 965 966 967 968 969 970 972 973
954 955 956 957 958 959 960 961 962 963 964 965 966 967 968 970 971 972 973 974
955 957 958 959 961 962 963 964 965 966 967 969 970 971 972 973 974 975
956 957 958 959 960 961 962 963 964 965 966 967 968 969 970 971 972 973 974 975 976
957 958 959 960 961 962 963 964 965 966 967 968 969 970 971 972 973 974 975 976 977
958 959 960 961 962 963 964 965 966 967 968 969 970 971 972 973 974 975 976 977 978
959 961 962 963 964 965 966 967 968 969 970 971 972 974 975 976 977 978 979
960 961 962 963 964 965 966 967 968 969 970 971 972 973 974 975 976 977 978 979 980
961 962 963 964 965 966 967 968 969 970 971 972 973 974 975 976 977 978 979 980 981
962 963 964 965 966 967 968 969 970 971 972 973 974 975 976 977 978 979 980 981 982
963 964 966 967 968 969 970 971 972 973 974 976 977 978 979 980 981 982 983
964 965 966 967 968 969 970 972 973 974 975 976 978 979 980 981 982 983 984
965 966 967 968 969 970 971 972 973 974 975 976 977 978 979 980 981 982 983 984 985
966 967 969 970 971 972 973 974 975 976 977 978 979 980 981 982 983 984 985 986
967 968 969 970 971 972 973 974 975 976 978 979 980 981 982 983 984 985 986
968 969 970 971 972 973 974 975 976 977 978 979 980 981 982 983 985 986 987 988
969 971 972 973 974 975 976 977 978 979 980 981 982 983 984 985 986 987 988 989
970 971 972 973 974 975 976 977 978 979 980 981 983 984 985 986 987 988 989
971 972 973 974 975 976 977 978 979 980 981 982 983 984 985 986 987 988 989 990 991
972 973 975 976 978 979 980 981 982 983 984 985 986 987 988 989 990 991 992
973 974 975 976 977 978 979 980 981 982 983 984 985 986 988 989 990 991 992 993
974 976 977 978 979 980 981 982 983 985 986 987 988 989 990 991 992 993 994
975 976 977 978 979 980 981 982 983 984 985 986 987 988 989 990 991 992 993 994 995
976 977 978 979 980 981 982 983 984 985 986 987 988 989 991 992 993 994 995 996
977 979 980 981 982 983 984 985 986 987 988 989 990 991 992 994 995 996 997
978 979 980 981 982 983 984 985 986 987 988 989 990 991 992 993 994 995 996 998
979 980 981 982 983 984 985 986 987 988 989 990 991 992 993 994 995 996 998 999
980 981 982 983 984 985 986 987 988 989 990 991 992 993 994 995 996 997 998 999
981 982 984 985 986 987 988 989 990 991 992 993 994 996 997 998
982 983 984 985 986 987 988 990 991 992 993 994 995 996 997 998 999
983 984 985 987 988 989 990 991 992 994 995 996 997 998 999
984 985 986 987 988 989 990 992 993 994 995 996 997 998 999
985 986 987 988 989 990 992 993 994 995 996 997 998 999
986 987 988 989 990 991 992 993 994 995 996 997 998 999
987 988 989 990 991 992 993 994 995 996 997 998 999
988 989 990 991 992 993 994 995 996 997 998 999
989 990 991 993 994 995 996 997 998 999
990 991 992 993 994 995 996 997 998 999
991 992 993 994 995 996 997 998 999
992 993 994 995 996 997 999
993 994 995 996 997 998 999
994 995 996 997 998
995 996 997 998 999
996 998
997 998 999
998 999
999
